광역	광역코드	시군구	선거인수	투표수	유효투표수	무효투표수	기권수	정당	득표수
서울특별시	1100	종로구	137653	88125	87308	817	49528	한나라당	33646
서울특별시	1100	중구	106012	65628	64896	732	40384	한나라당	24592
서울특별시	1100	용산구	182403	111594	110621	973	70809	한나라당	45258
서울특별시	1100	성동구	262021	161933	160453	1480	100088	한나라당	56435
서울특별시	1100	광진구	291768	178795	177335	1460	112973	한나라당	61097
서울특별시	1100	동대문구	298000	186434	184554	1880	111566	한나라당	67491
서울특별시	1100	중랑구	330121	191138	189308	1830	138983	한나라당	67494
서울특별시	1100	성북구	351787	213920	211902	2018	137867	한나라당	74197
서울특별시	1100	강북구	281387	166362	164681	1681	115025	한나라당	52947
서울특별시	1100	도봉구	278907	172829	171350	1479	106078	한나라당	60979
서울특별시	1100	노원구	458063	296104	293711	2393	161959	한나라당	102248
서울특별시	1100	은평구	361993	217173	215193	1980	144820	한나라당	72808
서울특별시	1100	서대문구	274126	172926	171146	1780	101200	한나라당	59920
서울특별시	1100	마포구	298654	185586	184012	1574	113068	한나라당	64058
서울특별시	1100	양천구	353003	225336	223577	1759	127667	한나라당	81621
서울특별시	1100	강서구	405394	249160	246872	2288	156234	한나라당	86529
서울특별시	1100	구로구	315195	201460	199639	1821	113735	한나라당	67756
서울특별시	1100	금천구	197115	118150	117049	1101	78965	한나라당	36766
서울특별시	1100	영등포구	312684	197985	196200	1785	114699	한나라당	71438
서울특별시	1100	동작구	321397	205586	204056	1530	115811	한나라당	69732
서울특별시	1100	관악구	417760	256780	254560	2220	160980	한나라당	74022
서울특별시	1100	서초구	303515	196218	195037	1181	107297	한나라당	96142
서울특별시	1100	강남구	400374	246937	245465	1472	153437	한나라당	126887
서울특별시	1100	송파구	457391	290110	287937	2173	167281	한나라당	115612
서울특별시	1100	강동구	353627	222632	220708	1924	130995	한나라당	82546
서울특별시	1100	종로구	137653	88125	87308	817	49528	새천년민주당	8374
서울특별시	1100	중구	106012	65628	64896	732	40384	새천년민주당	7363
서울특별시	1100	용산구	182403	111594	110621	973	70809	새천년민주당	9170
서울특별시	1100	성동구	262021	161933	160453	1480	100088	새천년민주당	15337
서울특별시	1100	광진구	291768	178795	177335	1460	112973	새천년민주당	17343
서울특별시	1100	동대문구	298000	186434	184554	1880	111566	새천년민주당	16067
서울특별시	1100	중랑구	330121	191138	189308	1830	138983	새천년민주당	14503
서울특별시	1100	성북구	351787	213920	211902	2018	137867	새천년민주당	18232
서울특별시	1100	강북구	281387	166362	164681	1681	115025	새천년민주당	17518
서울특별시	1100	도봉구	278907	172829	171350	1479	106078	새천년민주당	13039
서울특별시	1100	노원구	458063	296104	293711	2393	161959	새천년민주당	23343
서울특별시	1100	은평구	361993	217173	215193	1980	144820	새천년민주당	17322
서울특별시	1100	서대문구	274126	172926	171146	1780	101200	새천년민주당	13191
서울특별시	1100	마포구	298654	185586	184012	1574	113068	새천년민주당	14981
서울특별시	1100	양천구	353003	225336	223577	1759	127667	새천년민주당	18909
서울특별시	1100	강서구	405394	249160	246872	2288	156234	새천년민주당	20295
서울특별시	1100	구로구	315195	201460	199639	1821	113735	새천년민주당	15595
서울특별시	1100	금천구	197115	118150	117049	1101	78965	새천년민주당	10863
서울특별시	1100	영등포구	312684	197985	196200	1785	114699	새천년민주당	17840
서울특별시	1100	동작구	321397	205586	204056	1530	115811	새천년민주당	17879
서울특별시	1100	관악구	417760	256780	254560	2220	160980	새천년민주당	25137
서울특별시	1100	서초구	303515	196218	195037	1181	107297	새천년민주당	12899
서울특별시	1100	강남구	400374	246937	245465	1472	153437	새천년민주당	15843
서울특별시	1100	송파구	457391	290110	287937	2173	167281	새천년민주당	24022
서울특별시	1100	강동구	353627	222632	220708	1924	130995	새천년민주당	17978
서울특별시	1100	종로구	137653	88125	87308	817	49528	열린우리당	31439
서울특별시	1100	중구	106012	65628	64896	732	40384	열린우리당	24071
서울특별시	1100	용산구	182403	111594	110621	973	70809	열린우리당	38512
서울특별시	1100	성동구	262021	161933	160453	1480	100088	열린우리당	62335
서울특별시	1100	광진구	291768	178795	177335	1460	112973	열린우리당	69344
서울특별시	1100	동대문구	298000	186434	184554	1880	111566	열린우리당	70099
서울특별시	1100	중랑구	330121	191138	189308	1830	138983	열린우리당	75694
서울특별시	1100	성북구	351787	213920	211902	2018	137867	열린우리당	82669
서울특별시	1100	강북구	281387	166362	164681	1681	115025	열린우리당	64913
서울특별시	1100	도봉구	278907	172829	171350	1479	106078	열린우리당	65620
서울특별시	1100	노원구	458063	296104	293711	2393	161959	열린우리당	111758
서울특별시	1100	은평구	361993	217173	215193	1980	144820	열린우리당	86735
서울특별시	1100	서대문구	274126	172926	171146	1780	101200	열린우리당	67471
서울특별시	1100	마포구	298654	185586	184012	1574	113068	열린우리당	70677
서울특별시	1100	양천구	353003	225336	223577	1759	127667	열린우리당	85715
서울특별시	1100	강서구	405394	249160	246872	2288	156234	열린우리당	95333
서울특별시	1100	구로구	315195	201460	199639	1821	113735	열린우리당	78520
서울특별시	1100	금천구	197115	118150	117049	1101	78965	열린우리당	46507
서울특별시	1100	영등포구	312684	197985	196200	1785	114699	열린우리당	74041
서울특별시	1100	동작구	321397	205586	204056	1530	115811	열린우리당	78196
서울특별시	1100	관악구	417760	256780	254560	2220	160980	열린우리당	102493
서울특별시	1100	서초구	303515	196218	195037	1181	107297	열린우리당	60505
서울특별시	1100	강남구	400374	246937	245465	1472	153437	열린우리당	71393
서울특별시	1100	송파구	457391	290110	287937	2173	167281	열린우리당	104749
서울특별시	1100	강동구	353627	222632	220708	1924	130995	열린우리당	83167
서울특별시	1100	종로구	137653	88125	87308	817	49528	자민련	1745
서울특별시	1100	중구	106012	65628	64896	732	40384	자민련	1309
서울특별시	1100	용산구	182403	111594	110621	973	70809	자민련	2393
서울특별시	1100	성동구	262021	161933	160453	1480	100088	자민련	2945
서울특별시	1100	광진구	291768	178795	177335	1460	112973	자민련	3292
서울특별시	1100	동대문구	298000	186434	184554	1880	111566	자민련	4111
서울특별시	1100	중랑구	330121	191138	189308	1830	138983	자민련	4590
서울특별시	1100	성북구	351787	213920	211902	2018	137867	자민련	4412
서울특별시	1100	강북구	281387	166362	164681	1681	115025	자민련	3567
서울특별시	1100	도봉구	278907	172829	171350	1479	106078	자민련	4381
서울특별시	1100	노원구	458063	296104	293711	2393	161959	자민련	5329
서울특별시	1100	은평구	361993	217173	215193	1980	144820	자민련	4749
서울특별시	1100	서대문구	274126	172926	171146	1780	101200	자민련	3308
서울특별시	1100	마포구	298654	185586	184012	1574	113068	자민련	3674
서울특별시	1100	양천구	353003	225336	223577	1759	127667	자민련	4897
서울특별시	1100	강서구	405394	249160	246872	2288	156234	자민련	5391
서울특별시	1100	구로구	315195	201460	199639	1821	113735	자민련	5253
서울특별시	1100	금천구	197115	118150	117049	1101	78965	자민련	3294
서울특별시	1100	영등포구	312684	197985	196200	1785	114699	자민련	4958
서울특별시	1100	동작구	321397	205586	204056	1530	115811	자민련	4735
서울특별시	1100	관악구	417760	256780	254560	2220	160980	자민련	5865
서울특별시	1100	서초구	303515	196218	195037	1181	107297	자민련	3654
서울특별시	1100	강남구	400374	246937	245465	1472	153437	자민련	4130
서울특별시	1100	송파구	457391	290110	287937	2173	167281	자민련	5210
서울특별시	1100	강동구	353627	222632	220708	1924	130995	자민련	4309
서울특별시	1100	종로구	137653	88125	87308	817	49528	국민통합21	249
서울특별시	1100	중구	106012	65628	64896	732	40384	국민통합21	242
서울특별시	1100	용산구	182403	111594	110621	973	70809	국민통합21	516
서울특별시	1100	성동구	262021	161933	160453	1480	100088	국민통합21	605
서울특별시	1100	광진구	291768	178795	177335	1460	112973	국민통합21	500
서울특별시	1100	동대문구	298000	186434	184554	1880	111566	국민통합21	775
서울특별시	1100	중랑구	330121	191138	189308	1830	138983	국민통합21	786
서울특별시	1100	성북구	351787	213920	211902	2018	137867	국민통합21	814
서울특별시	1100	강북구	281387	166362	164681	1681	115025	국민통합21	768
서울특별시	1100	도봉구	278907	172829	171350	1479	106078	국민통합21	575
서울특별시	1100	노원구	458063	296104	293711	2393	161959	국민통합21	1149
서울특별시	1100	은평구	361993	217173	215193	1980	144820	국민통합21	962
서울특별시	1100	서대문구	274126	172926	171146	1780	101200	국민통합21	650
서울특별시	1100	마포구	298654	185586	184012	1574	113068	국민통합21	585
서울특별시	1100	양천구	353003	225336	223577	1759	127667	국민통합21	623
서울특별시	1100	강서구	405394	249160	246872	2288	156234	국민통합21	640
서울특별시	1100	구로구	315195	201460	199639	1821	113735	국민통합21	631
서울특별시	1100	금천구	197115	118150	117049	1101	78965	국민통합21	538
서울특별시	1100	영등포구	312684	197985	196200	1785	114699	국민통합21	648
서울특별시	1100	동작구	321397	205586	204056	1530	115811	국민통합21	646
서울특별시	1100	관악구	417760	256780	254560	2220	160980	국민통합21	871
서울특별시	1100	서초구	303515	196218	195037	1181	107297	국민통합21	662
서울특별시	1100	강남구	400374	246937	245465	1472	153437	국민통합21	664
서울특별시	1100	송파구	457391	290110	287937	2173	167281	국민통합21	939
서울특별시	1100	강동구	353627	222632	220708	1924	130995	국민통합21	796
서울특별시	1100	종로구	137653	88125	87308	817	49528	가자희망2080	43
서울특별시	1100	중구	106012	65628	64896	732	40384	가자희망2080	57
서울특별시	1100	용산구	182403	111594	110621	973	70809	가자희망2080	63
서울특별시	1100	성동구	262021	161933	160453	1480	100088	가자희망2080	472
서울특별시	1100	광진구	291768	178795	177335	1460	112973	가자희망2080	95
서울특별시	1100	동대문구	298000	186434	184554	1880	111566	가자희망2080	170
서울특별시	1100	중랑구	330121	191138	189308	1830	138983	가자희망2080	180
서울특별시	1100	성북구	351787	213920	211902	2018	137867	가자희망2080	196
서울특별시	1100	강북구	281387	166362	164681	1681	115025	가자희망2080	135
서울특별시	1100	도봉구	278907	172829	171350	1479	106078	가자희망2080	130
서울특별시	1100	노원구	458063	296104	293711	2393	161959	가자희망2080	271
서울특별시	1100	은평구	361993	217173	215193	1980	144820	가자희망2080	341
서울특별시	1100	서대문구	274126	172926	171146	1780	101200	가자희망2080	122
서울특별시	1100	마포구	298654	185586	184012	1574	113068	가자희망2080	257
서울특별시	1100	양천구	353003	225336	223577	1759	127667	가자희망2080	152
서울특별시	1100	강서구	405394	249160	246872	2288	156234	가자희망2080	168
서울특별시	1100	구로구	315195	201460	199639	1821	113735	가자희망2080	187
서울특별시	1100	금천구	197115	118150	117049	1101	78965	가자희망2080	66
서울특별시	1100	영등포구	312684	197985	196200	1785	114699	가자희망2080	96
서울특별시	1100	동작구	321397	205586	204056	1530	115811	가자희망2080	196
서울특별시	1100	관악구	417760	256780	254560	2220	160980	가자희망2080	133
서울특별시	1100	서초구	303515	196218	195037	1181	107297	가자희망2080	125
서울특별시	1100	강남구	400374	246937	245465	1472	153437	가자희망2080	145
서울특별시	1100	송파구	457391	290110	287937	2173	167281	가자희망2080	174
서울특별시	1100	강동구	353627	222632	220708	1924	130995	가자희망2080	140
서울특별시	1100	종로구	137653	88125	87308	817	49528	공화당	99
서울특별시	1100	중구	106012	65628	64896	732	40384	공화당	61
서울특별시	1100	용산구	182403	111594	110621	973	70809	공화당	51
서울특별시	1100	성동구	262021	161933	160453	1480	100088	공화당	107
서울특별시	1100	광진구	291768	178795	177335	1460	112973	공화당	80
서울특별시	1100	동대문구	298000	186434	184554	1880	111566	공화당	166
서울특별시	1100	중랑구	330121	191138	189308	1830	138983	공화당	121
서울특별시	1100	성북구	351787	213920	211902	2018	137867	공화당	105
서울특별시	1100	강북구	281387	166362	164681	1681	115025	공화당	139
서울특별시	1100	도봉구	278907	172829	171350	1479	106078	공화당	87
서울특별시	1100	노원구	458063	296104	293711	2393	161959	공화당	153
서울특별시	1100	은평구	361993	217173	215193	1980	144820	공화당	349
서울특별시	1100	서대문구	274126	172926	171146	1780	101200	공화당	89
서울특별시	1100	마포구	298654	185586	184012	1574	113068	공화당	95
서울특별시	1100	양천구	353003	225336	223577	1759	127667	공화당	99
서울특별시	1100	강서구	405394	249160	246872	2288	156234	공화당	143
서울특별시	1100	구로구	315195	201460	199639	1821	113735	공화당	170
서울특별시	1100	금천구	197115	118150	117049	1101	78965	공화당	64
서울특별시	1100	영등포구	312684	197985	196200	1785	114699	공화당	100
서울특별시	1100	동작구	321397	205586	204056	1530	115811	공화당	94
서울특별시	1100	관악구	417760	256780	254560	2220	160980	공화당	145
서울특별시	1100	서초구	303515	196218	195037	1181	107297	공화당	172
서울특별시	1100	강남구	400374	246937	245465	1472	153437	공화당	83
서울특별시	1100	송파구	457391	290110	287937	2173	167281	공화당	127
서울특별시	1100	강동구	353627	222632	220708	1924	130995	공화당	125
서울특별시	1100	종로구	137653	88125	87308	817	49528	구국총연합	14
서울특별시	1100	중구	106012	65628	64896	732	40384	구국총연합	19
서울특별시	1100	용산구	182403	111594	110621	973	70809	구국총연합	19
서울특별시	1100	성동구	262021	161933	160453	1480	100088	구국총연합	30
서울특별시	1100	광진구	291768	178795	177335	1460	112973	구국총연합	41
서울특별시	1100	동대문구	298000	186434	184554	1880	111566	구국총연합	34
서울특별시	1100	중랑구	330121	191138	189308	1830	138983	구국총연합	55
서울특별시	1100	성북구	351787	213920	211902	2018	137867	구국총연합	39
서울특별시	1100	강북구	281387	166362	164681	1681	115025	구국총연합	23
서울특별시	1100	도봉구	278907	172829	171350	1479	106078	구국총연합	27
서울특별시	1100	노원구	458063	296104	293711	2393	161959	구국총연합	63
서울특별시	1100	은평구	361993	217173	215193	1980	144820	구국총연합	73
서울특별시	1100	서대문구	274126	172926	171146	1780	101200	구국총연합	28
서울특별시	1100	마포구	298654	185586	184012	1574	113068	구국총연합	40
서울특별시	1100	양천구	353003	225336	223577	1759	127667	구국총연합	51
서울특별시	1100	강서구	405394	249160	246872	2288	156234	구국총연합	53
서울특별시	1100	구로구	315195	201460	199639	1821	113735	구국총연합	204
서울특별시	1100	금천구	197115	118150	117049	1101	78965	구국총연합	20
서울특별시	1100	영등포구	312684	197985	196200	1785	114699	구국총연합	40
서울특별시	1100	동작구	321397	205586	204056	1530	115811	구국총연합	31
서울특별시	1100	관악구	417760	256780	254560	2220	160980	구국총연합	38
서울특별시	1100	서초구	303515	196218	195037	1181	107297	구국총연합	35
서울특별시	1100	강남구	400374	246937	245465	1472	153437	구국총연합	29
서울특별시	1100	송파구	457391	290110	287937	2173	167281	구국총연합	27
서울특별시	1100	강동구	353627	222632	220708	1924	130995	구국총연합	41
서울특별시	1100	종로구	137653	88125	87308	817	49528	기독당	802
서울특별시	1100	중구	106012	65628	64896	732	40384	기독당	541
서울특별시	1100	용산구	182403	111594	110621	973	70809	기독당	1441
서울특별시	1100	성동구	262021	161933	160453	1480	100088	기독당	1674
서울특별시	1100	광진구	291768	178795	177335	1460	112973	기독당	1944
서울특별시	1100	동대문구	298000	186434	184554	1880	111566	기독당	1912
서울특별시	1100	중랑구	330121	191138	189308	1830	138983	기독당	2095
서울특별시	1100	성북구	351787	213920	211902	2018	137867	기독당	2517
서울특별시	1100	강북구	281387	166362	164681	1681	115025	기독당	1946
서울특별시	1100	도봉구	278907	172829	171350	1479	106078	기독당	2070
서울특별시	1100	노원구	458063	296104	293711	2393	161959	기독당	4673
서울특별시	1100	은평구	361993	217173	215193	1980	144820	기독당	2876
서울특별시	1100	서대문구	274126	172926	171146	1780	101200	기독당	2216
서울특별시	1100	마포구	298654	185586	184012	1574	113068	기독당	2451
서울특별시	1100	양천구	353003	225336	223577	1759	127667	기독당	3195
서울특별시	1100	강서구	405394	249160	246872	2288	156234	기독당	3953
서울특별시	1100	구로구	315195	201460	199639	1821	113735	기독당	2852
서울특별시	1100	금천구	197115	118150	117049	1101	78965	기독당	1775
서울특별시	1100	영등포구	312684	197985	196200	1785	114699	기독당	2564
서울특별시	1100	동작구	321397	205586	204056	1530	115811	기독당	2983
서울특별시	1100	관악구	417760	256780	254560	2220	160980	기독당	3207
서울특별시	1100	서초구	303515	196218	195037	1181	107297	기독당	2076
서울특별시	1100	강남구	400374	246937	245465	1472	153437	기독당	2654
서울특별시	1100	송파구	457391	290110	287937	2173	167281	기독당	3660
서울특별시	1100	강동구	353627	222632	220708	1924	130995	기독당	3369
서울특별시	1100	종로구	137653	88125	87308	817	49528	노년권익보호당	132
서울특별시	1100	중구	106012	65628	64896	732	40384	노년권익보호당	76
서울특별시	1100	용산구	182403	111594	110621	973	70809	노년권익보호당	140
서울특별시	1100	성동구	262021	161933	160453	1480	100088	노년권익보호당	228
서울특별시	1100	광진구	291768	178795	177335	1460	112973	노년권익보호당	253
서울특별시	1100	동대문구	298000	186434	184554	1880	111566	노년권익보호당	223
서울특별시	1100	중랑구	330121	191138	189308	1830	138983	노년권익보호당	280
서울특별시	1100	성북구	351787	213920	211902	2018	137867	노년권익보호당	322
서울특별시	1100	강북구	281387	166362	164681	1681	115025	노년권익보호당	291
서울특별시	1100	도봉구	278907	172829	171350	1479	106078	노년권익보호당	267
서울특별시	1100	노원구	458063	296104	293711	2393	161959	노년권익보호당	473
서울특별시	1100	은평구	361993	217173	215193	1980	144820	노년권익보호당	321
서울특별시	1100	서대문구	274126	172926	171146	1780	101200	노년권익보호당	235
서울특별시	1100	마포구	298654	185586	184012	1574	113068	노년권익보호당	263
서울특별시	1100	양천구	353003	225336	223577	1759	127667	노년권익보호당	303
서울특별시	1100	강서구	405394	249160	246872	2288	156234	노년권익보호당	370
서울특별시	1100	구로구	315195	201460	199639	1821	113735	노년권익보호당	259
서울특별시	1100	금천구	197115	118150	117049	1101	78965	노년권익보호당	188
서울특별시	1100	영등포구	312684	197985	196200	1785	114699	노년권익보호당	284
서울특별시	1100	동작구	321397	205586	204056	1530	115811	노년권익보호당	312
서울특별시	1100	관악구	417760	256780	254560	2220	160980	노년권익보호당	353
서울특별시	1100	서초구	303515	196218	195037	1181	107297	노년권익보호당	264
서울특별시	1100	강남구	400374	246937	245465	1472	153437	노년권익보호당	608
서울특별시	1100	송파구	457391	290110	287937	2173	167281	노년권익보호당	620
서울특별시	1100	강동구	353627	222632	220708	1924	130995	노년권익보호당	349
서울특별시	1100	종로구	137653	88125	87308	817	49528	녹색사민당	213
서울특별시	1100	중구	106012	65628	64896	732	40384	녹색사민당	138
서울특별시	1100	용산구	182403	111594	110621	973	70809	녹색사민당	290
서울특별시	1100	성동구	262021	161933	160453	1480	100088	녹색사민당	383
서울특별시	1100	광진구	291768	178795	177335	1460	112973	녹색사민당	645
서울특별시	1100	동대문구	298000	186434	184554	1880	111566	녹색사민당	421
서울특별시	1100	중랑구	330121	191138	189308	1830	138983	녹색사민당	553
서울특별시	1100	성북구	351787	213920	211902	2018	137867	녹색사민당	613
서울특별시	1100	강북구	281387	166362	164681	1681	115025	녹색사민당	575
서울특별시	1100	도봉구	278907	172829	171350	1479	106078	녹색사민당	574
서울특별시	1100	노원구	458063	296104	293711	2393	161959	녹색사민당	800
서울특별시	1100	은평구	361993	217173	215193	1980	144820	녹색사민당	769
서울특별시	1100	서대문구	274126	172926	171146	1780	101200	녹색사민당	452
서울특별시	1100	마포구	298654	185586	184012	1574	113068	녹색사민당	655
서울특별시	1100	양천구	353003	225336	223577	1759	127667	녹색사민당	681
서울특별시	1100	강서구	405394	249160	246872	2288	156234	녹색사민당	781
서울특별시	1100	구로구	315195	201460	199639	1821	113735	녹색사민당	569
서울특별시	1100	금천구	197115	118150	117049	1101	78965	녹색사민당	428
서울특별시	1100	영등포구	312684	197985	196200	1785	114699	녹색사민당	508
서울특별시	1100	동작구	321397	205586	204056	1530	115811	녹색사민당	1202
서울특별시	1100	관악구	417760	256780	254560	2220	160980	녹색사민당	870
서울특별시	1100	서초구	303515	196218	195037	1181	107297	녹색사민당	375
서울특별시	1100	강남구	400374	246937	245465	1472	153437	녹색사민당	497
서울특별시	1100	송파구	457391	290110	287937	2173	167281	녹색사민당	791
서울특별시	1100	강동구	353627	222632	220708	1924	130995	녹색사민당	542
서울특별시	1100	종로구	137653	88125	87308	817	49528	민주노동당	10349
서울특별시	1100	중구	106012	65628	64896	732	40384	민주노동당	6281
서울특별시	1100	용산구	182403	111594	110621	973	70809	민주노동당	12570
서울특별시	1100	성동구	262021	161933	160453	1480	100088	민주노동당	19571
서울특별시	1100	광진구	291768	178795	177335	1460	112973	민주노동당	22391
서울특별시	1100	동대문구	298000	186434	184554	1880	111566	민주노동당	22653
서울특별시	1100	중랑구	330121	191138	189308	1830	138983	민주노동당	22601
서울특별시	1100	성북구	351787	213920	211902	2018	137867	민주노동당	27325
서울특별시	1100	강북구	281387	166362	164681	1681	115025	민주노동당	21493
서울특별시	1100	도봉구	278907	172829	171350	1479	106078	민주노동당	23317
서울특별시	1100	노원구	458063	296104	293711	2393	161959	민주노동당	42839
서울특별시	1100	은평구	361993	217173	215193	1980	144820	민주노동당	27419
서울특별시	1100	서대문구	274126	172926	171146	1780	101200	민주노동당	23125
서울특별시	1100	마포구	298654	185586	184012	1574	113068	민주노동당	25830
서울특별시	1100	양천구	353003	225336	223577	1759	127667	민주노동당	26931
서울특별시	1100	강서구	405394	249160	246872	2288	156234	민주노동당	32743
서울특별시	1100	구로구	315195	201460	199639	1821	113735	민주노동당	27272
서울특별시	1100	금천구	197115	118150	117049	1101	78965	민주노동당	16266
서울특별시	1100	영등포구	312684	197985	196200	1785	114699	민주노동당	23312
서울특별시	1100	동작구	321397	205586	204056	1530	115811	민주노동당	27642
서울특별시	1100	관악구	417760	256780	254560	2220	160980	민주노동당	40853
서울특별시	1100	서초구	303515	196218	195037	1181	107297	민주노동당	17889
서울특별시	1100	강남구	400374	246937	245465	1472	153437	민주노동당	22239
서울특별시	1100	송파구	457391	290110	287937	2173	167281	민주노동당	31582
서울특별시	1100	강동구	353627	222632	220708	1924	130995	민주노동당	26954
서울특별시	1100	종로구	137653	88125	87308	817	49528	민주화합당	86
서울특별시	1100	중구	106012	65628	64896	732	40384	민주화합당	60
서울특별시	1100	용산구	182403	111594	110621	973	70809	민주화합당	103
서울특별시	1100	성동구	262021	161933	160453	1480	100088	민주화합당	154
서울특별시	1100	광진구	291768	178795	177335	1460	112973	민주화합당	148
서울특별시	1100	동대문구	298000	186434	184554	1880	111566	민주화합당	199
서울특별시	1100	중랑구	330121	191138	189308	1830	138983	민주화합당	151
서울특별시	1100	성북구	351787	213920	211902	2018	137867	민주화합당	214
서울특별시	1100	강북구	281387	166362	164681	1681	115025	민주화합당	207
서울특별시	1100	도봉구	278907	172829	171350	1479	106078	민주화합당	132
서울특별시	1100	노원구	458063	296104	293711	2393	161959	민주화합당	259
서울특별시	1100	은평구	361993	217173	215193	1980	144820	민주화합당	220
서울특별시	1100	서대문구	274126	172926	171146	1780	101200	민주화합당	125
서울특별시	1100	마포구	298654	185586	184012	1574	113068	민주화합당	138
서울특별시	1100	양천구	353003	225336	223577	1759	127667	민주화합당	191
서울특별시	1100	강서구	405394	249160	246872	2288	156234	민주화합당	208
서울특별시	1100	구로구	315195	201460	199639	1821	113735	민주화합당	176
서울특별시	1100	금천구	197115	118150	117049	1101	78965	민주화합당	139
서울특별시	1100	영등포구	312684	197985	196200	1785	114699	민주화합당	168
서울특별시	1100	동작구	321397	205586	204056	1530	115811	민주화합당	173
서울특별시	1100	관악구	417760	256780	254560	2220	160980	민주화합당	256
서울특별시	1100	서초구	303515	196218	195037	1181	107297	민주화합당	113
서울특별시	1100	강남구	400374	246937	245465	1472	153437	민주화합당	92
서울특별시	1100	송파구	457391	290110	287937	2173	167281	민주화합당	197
서울특별시	1100	강동구	353627	222632	220708	1924	130995	민주화합당	171
서울특별시	1100	종로구	137653	88125	87308	817	49528	사회당	117
서울특별시	1100	중구	106012	65628	64896	732	40384	사회당	86
서울특별시	1100	용산구	182403	111594	110621	973	70809	사회당	95
서울특별시	1100	성동구	262021	161933	160453	1480	100088	사회당	177
서울특별시	1100	광진구	291768	178795	177335	1460	112973	사회당	162
서울특별시	1100	동대문구	298000	186434	184554	1880	111566	사회당	233
서울특별시	1100	중랑구	330121	191138	189308	1830	138983	사회당	205
서울특별시	1100	성북구	351787	213920	211902	2018	137867	사회당	247
서울특별시	1100	강북구	281387	166362	164681	1681	115025	사회당	159
서울특별시	1100	도봉구	278907	172829	171350	1479	106078	사회당	152
서울특별시	1100	노원구	458063	296104	293711	2393	161959	사회당	353
서울특별시	1100	은평구	361993	217173	215193	1980	144820	사회당	249
서울특별시	1100	서대문구	274126	172926	171146	1780	101200	사회당	214
서울특별시	1100	마포구	298654	185586	184012	1574	113068	사회당	308
서울특별시	1100	양천구	353003	225336	223577	1759	127667	사회당	209
서울특별시	1100	강서구	405394	249160	246872	2288	156234	사회당	265
서울특별시	1100	구로구	315195	201460	199639	1821	113735	사회당	195
서울특별시	1100	금천구	197115	118150	117049	1101	78965	사회당	135
서울특별시	1100	영등포구	312684	197985	196200	1785	114699	사회당	203
서울특별시	1100	동작구	321397	205586	204056	1530	115811	사회당	235
서울특별시	1100	관악구	417760	256780	254560	2220	160980	사회당	317
서울특별시	1100	서초구	303515	196218	195037	1181	107297	사회당	126
서울특별시	1100	강남구	400374	246937	245465	1472	153437	사회당	201
서울특별시	1100	송파구	457391	290110	287937	2173	167281	사회당	227
서울특별시	1100	강동구	353627	222632	220708	1924	130995	사회당	221
부산광역시	2600	중구	43987	26530	26221	309	17457	한나라당	14352
부산광역시	2600	서구	113920	68635	67667	968	45285	한나라당	36534
부산광역시	2600	동구	94029	58069	57212	857	35960	한나라당	30233
부산광역시	2600	영도구	133488	82165	80914	1251	51323	한나라당	36161
부산광역시	2600	부산진구	316369	198256	196020	2236	118113	한나라당	99725
부산광역시	2600	동래구	213774	134309	132936	1373	79465	한나라당	70101
부산광역시	2600	남구	236600	149429	147750	1679	87171	한나라당	73433
부산광역시	2600	북구	133099	82002	81013	989	51097	한나라당	37242
부산광역시	2600	해운대구	220815	131460	129848	1612	89355	한나라당	62271
부산광역시	2600	기장군	132902	85000	84053	947	47902	한나라당	40823
부산광역시	2600	사하구	277497	168918	167073	1845	108579	한나라당	78278
부산광역시	2600	금정구	208803	128950	127593	1357	79853	한나라당	65531
부산광역시	2600	강서구	147267	91822	90683	1139	55445	한나라당	40247
부산광역시	2600	연제구	172759	108885	107661	1224	63874	한나라당	56000
부산광역시	2600	수영구	139020	87450	86531	919	51570	한나라당	46180
부산광역시	2600	사상구	211749	130087	128475	1612	81662	한나라당	57623
부산광역시	2600	중구	43987	26530	26221	309	17457	새천년민주당	599
부산광역시	2600	서구	113920	68635	67667	968	45285	새천년민주당	1812
부산광역시	2600	동구	94029	58069	57212	857	35960	새천년민주당	1210
부산광역시	2600	영도구	133488	82165	80914	1251	51323	새천년민주당	1978
부산광역시	2600	부산진구	316369	198256	196020	2236	118113	새천년민주당	3379
부산광역시	2600	동래구	213774	134309	132936	1373	79465	새천년민주당	2321
부산광역시	2600	남구	236600	149429	147750	1679	87171	새천년민주당	2742
부산광역시	2600	북구	133099	82002	81013	989	51097	새천년민주당	1767
부산광역시	2600	해운대구	220815	131460	129848	1612	89355	새천년민주당	2326
부산광역시	2600	기장군	132902	85000	84053	947	47902	새천년민주당	1173
부산광역시	2600	사하구	277497	168918	167073	1845	108579	새천년민주당	3342
부산광역시	2600	금정구	208803	128950	127593	1357	79853	새천년민주당	1741
부산광역시	2600	강서구	147267	91822	90683	1139	55445	새천년민주당	1699
부산광역시	2600	연제구	172759	108885	107661	1224	63874	새천년민주당	1752
부산광역시	2600	수영구	139020	87450	86531	919	51570	새천년민주당	1465
부산광역시	2600	사상구	211749	130087	128475	1612	81662	새천년민주당	2887
부산광역시	2600	중구	43987	26530	26221	309	17457	열린우리당	8025
부산광역시	2600	서구	113920	68635	67667	968	45285	열린우리당	20315
부산광역시	2600	동구	94029	58069	57212	857	35960	열린우리당	17671
부산광역시	2600	영도구	133488	82165	80914	1251	51323	열린우리당	29939
부산광역시	2600	부산진구	316369	198256	196020	2236	118113	열린우리당	63657
부산광역시	2600	동래구	213774	134309	132936	1373	79465	열린우리당	41207
부산광역시	2600	남구	236600	149429	147750	1679	87171	열린우리당	48842
부산광역시	2600	북구	133099	82002	81013	989	51097	열린우리당	29488
부산광역시	2600	해운대구	220815	131460	129848	1612	89355	열린우리당	45595
부산광역시	2600	기장군	132902	85000	84053	947	47902	열린우리당	27396
부산광역시	2600	사하구	277497	168918	167073	1845	108579	열린우리당	58883
부산광역시	2600	금정구	208803	128950	127593	1357	79853	열린우리당	40107
부산광역시	2600	강서구	147267	91822	90683	1139	55445	열린우리당	35013
부산광역시	2600	연제구	172759	108885	107661	1224	63874	열린우리당	34348
부산광역시	2600	수영구	139020	87450	86531	919	51570	열린우리당	27441
부산광역시	2600	사상구	211749	130087	128475	1612	81662	열린우리당	49383
부산광역시	2600	중구	43987	26530	26221	309	17457	자민련	147
부산광역시	2600	서구	113920	68635	67667	968	45285	자민련	397
부산광역시	2600	동구	94029	58069	57212	857	35960	자민련	353
부산광역시	2600	영도구	133488	82165	80914	1251	51323	자민련	479
부산광역시	2600	부산진구	316369	198256	196020	2236	118113	자민련	1283
부산광역시	2600	동래구	213774	134309	132936	1373	79465	자민련	791
부산광역시	2600	남구	236600	149429	147750	1679	87171	자민련	802
부산광역시	2600	북구	133099	82002	81013	989	51097	자민련	566
부산광역시	2600	해운대구	220815	131460	129848	1612	89355	자민련	709
부산광역시	2600	기장군	132902	85000	84053	947	47902	자민련	1725
부산광역시	2600	사하구	277497	168918	167073	1845	108579	자민련	987
부산광역시	2600	금정구	208803	128950	127593	1357	79853	자민련	649
부산광역시	2600	강서구	147267	91822	90683	1139	55445	자민련	566
부산광역시	2600	연제구	172759	108885	107661	1224	63874	자민련	795
부산광역시	2600	수영구	139020	87450	86531	919	51570	자민련	462
부산광역시	2600	사상구	211749	130087	128475	1612	81662	자민련	622
부산광역시	2600	중구	43987	26530	26221	309	17457	국민통합21	68
부산광역시	2600	서구	113920	68635	67667	968	45285	국민통합21	171
부산광역시	2600	동구	94029	58069	57212	857	35960	국민통합21	150
부산광역시	2600	영도구	133488	82165	80914	1251	51323	국민통합21	298
부산광역시	2600	부산진구	316369	198256	196020	2236	118113	국민통합21	730
부산광역시	2600	동래구	213774	134309	132936	1373	79465	국민통합21	306
부산광역시	2600	남구	236600	149429	147750	1679	87171	국민통합21	410
부산광역시	2600	북구	133099	82002	81013	989	51097	국민통합21	228
부산광역시	2600	해운대구	220815	131460	129848	1612	89355	국민통합21	284
부산광역시	2600	기장군	132902	85000	84053	947	47902	국민통합21	330
부산광역시	2600	사하구	277497	168918	167073	1845	108579	국민통합21	807
부산광역시	2600	금정구	208803	128950	127593	1357	79853	국민통합21	518
부산광역시	2600	강서구	147267	91822	90683	1139	55445	국민통합21	192
부산광역시	2600	연제구	172759	108885	107661	1224	63874	국민통합21	311
부산광역시	2600	수영구	139020	87450	86531	919	51570	국민통합21	179
부산광역시	2600	사상구	211749	130087	128475	1612	81662	국민통합21	345
부산광역시	2600	중구	43987	26530	26221	309	17457	가자희망2080	14
부산광역시	2600	서구	113920	68635	67667	968	45285	가자희망2080	550
부산광역시	2600	동구	94029	58069	57212	857	35960	가자희망2080	46
부산광역시	2600	영도구	133488	82165	80914	1251	51323	가자희망2080	33
부산광역시	2600	부산진구	316369	198256	196020	2236	118113	가자희망2080	680
부산광역시	2600	동래구	213774	134309	132936	1373	79465	가자희망2080	112
부산광역시	2600	남구	236600	149429	147750	1679	87171	가자희망2080	187
부산광역시	2600	북구	133099	82002	81013	989	51097	가자희망2080	76
부산광역시	2600	해운대구	220815	131460	129848	1612	89355	가자희망2080	98
부산광역시	2600	기장군	132902	85000	84053	947	47902	가자희망2080	78
부산광역시	2600	사하구	277497	168918	167073	1845	108579	가자희망2080	197
부산광역시	2600	금정구	208803	128950	127593	1357	79853	가자희망2080	218
부산광역시	2600	강서구	147267	91822	90683	1139	55445	가자희망2080	65
부산광역시	2600	연제구	172759	108885	107661	1224	63874	가자희망2080	69
부산광역시	2600	수영구	139020	87450	86531	919	51570	가자희망2080	62
부산광역시	2600	사상구	211749	130087	128475	1612	81662	가자희망2080	101
부산광역시	2600	중구	43987	26530	26221	309	17457	공화당	18
부산광역시	2600	서구	113920	68635	67667	968	45285	공화당	55
부산광역시	2600	동구	94029	58069	57212	857	35960	공화당	40
부산광역시	2600	영도구	133488	82165	80914	1251	51323	공화당	49
부산광역시	2600	부산진구	316369	198256	196020	2236	118113	공화당	199
부산광역시	2600	동래구	213774	134309	132936	1373	79465	공화당	70
부산광역시	2600	남구	236600	149429	147750	1679	87171	공화당	163
부산광역시	2600	북구	133099	82002	81013	989	51097	공화당	64
부산광역시	2600	해운대구	220815	131460	129848	1612	89355	공화당	76
부산광역시	2600	기장군	132902	85000	84053	947	47902	공화당	45
부산광역시	2600	사하구	277497	168918	167073	1845	108579	공화당	144
부산광역시	2600	금정구	208803	128950	127593	1357	79853	공화당	80
부산광역시	2600	강서구	147267	91822	90683	1139	55445	공화당	48
부산광역시	2600	연제구	172759	108885	107661	1224	63874	공화당	67
부산광역시	2600	수영구	139020	87450	86531	919	51570	공화당	46
부산광역시	2600	사상구	211749	130087	128475	1612	81662	공화당	56
부산광역시	2600	중구	43987	26530	26221	309	17457	구국총연합	8
부산광역시	2600	서구	113920	68635	67667	968	45285	구국총연합	20
부산광역시	2600	동구	94029	58069	57212	857	35960	구국총연합	14
부산광역시	2600	영도구	133488	82165	80914	1251	51323	구국총연합	20
부산광역시	2600	부산진구	316369	198256	196020	2236	118113	구국총연합	115
부산광역시	2600	동래구	213774	134309	132936	1373	79465	구국총연합	25
부산광역시	2600	남구	236600	149429	147750	1679	87171	구국총연합	27
부산광역시	2600	북구	133099	82002	81013	989	51097	구국총연합	13
부산광역시	2600	해운대구	220815	131460	129848	1612	89355	구국총연합	23
부산광역시	2600	기장군	132902	85000	84053	947	47902	구국총연합	23
부산광역시	2600	사하구	277497	168918	167073	1845	108579	구국총연합	39
부산광역시	2600	금정구	208803	128950	127593	1357	79853	구국총연합	41
부산광역시	2600	강서구	147267	91822	90683	1139	55445	구국총연합	16
부산광역시	2600	연제구	172759	108885	107661	1224	63874	구국총연합	20
부산광역시	2600	수영구	139020	87450	86531	919	51570	구국총연합	7
부산광역시	2600	사상구	211749	130087	128475	1612	81662	구국총연합	23
부산광역시	2600	중구	43987	26530	26221	309	17457	기독당	167
부산광역시	2600	서구	113920	68635	67667	968	45285	기독당	565
부산광역시	2600	동구	94029	58069	57212	857	35960	기독당	439
부산광역시	2600	영도구	133488	82165	80914	1251	51323	기독당	633
부산광역시	2600	부산진구	316369	198256	196020	2236	118113	기독당	1448
부산광역시	2600	동래구	213774	134309	132936	1373	79465	기독당	1044
부산광역시	2600	남구	236600	149429	147750	1679	87171	기독당	1184
부산광역시	2600	북구	133099	82002	81013	989	51097	기독당	656
부산광역시	2600	해운대구	220815	131460	129848	1612	89355	기독당	1362
부산광역시	2600	기장군	132902	85000	84053	947	47902	기독당	772
부산광역시	2600	사하구	277497	168918	167073	1845	108579	기독당	1628
부산광역시	2600	금정구	208803	128950	127593	1357	79853	기독당	1042
부산광역시	2600	강서구	147267	91822	90683	1139	55445	기독당	868
부산광역시	2600	연제구	172759	108885	107661	1224	63874	기독당	1012
부산광역시	2600	수영구	139020	87450	86531	919	51570	기독당	749
부산광역시	2600	사상구	211749	130087	128475	1612	81662	기독당	1031
부산광역시	2600	중구	43987	26530	26221	309	17457	노년권익보호당	45
부산광역시	2600	서구	113920	68635	67667	968	45285	노년권익보호당	110
부산광역시	2600	동구	94029	58069	57212	857	35960	노년권익보호당	91
부산광역시	2600	영도구	133488	82165	80914	1251	51323	노년권익보호당	121
부산광역시	2600	부산진구	316369	198256	196020	2236	118113	노년권익보호당	259
부산광역시	2600	동래구	213774	134309	132936	1373	79465	노년권익보호당	202
부산광역시	2600	남구	236600	149429	147750	1679	87171	노년권익보호당	214
부산광역시	2600	북구	133099	82002	81013	989	51097	노년권익보호당	110
부산광역시	2600	해운대구	220815	131460	129848	1612	89355	노년권익보호당	196
부산광역시	2600	기장군	132902	85000	84053	947	47902	노년권익보호당	109
부산광역시	2600	사하구	277497	168918	167073	1845	108579	노년권익보호당	284
부산광역시	2600	금정구	208803	128950	127593	1357	79853	노년권익보호당	202
부산광역시	2600	강서구	147267	91822	90683	1139	55445	노년권익보호당	126
부산광역시	2600	연제구	172759	108885	107661	1224	63874	노년권익보호당	173
부산광역시	2600	수영구	139020	87450	86531	919	51570	노년권익보호당	110
부산광역시	2600	사상구	211749	130087	128475	1612	81662	노년권익보호당	173
부산광역시	2600	중구	43987	26530	26221	309	17457	녹색사민당	116
부산광역시	2600	서구	113920	68635	67667	968	45285	녹색사민당	221
부산광역시	2600	동구	94029	58069	57212	857	35960	녹색사민당	445
부산광역시	2600	영도구	133488	82165	80914	1251	51323	녹색사민당	449
부산광역시	2600	부산진구	316369	198256	196020	2236	118113	녹색사민당	757
부산광역시	2600	동래구	213774	134309	132936	1373	79465	녹색사민당	622
부산광역시	2600	남구	236600	149429	147750	1679	87171	녹색사민당	727
부산광역시	2600	북구	133099	82002	81013	989	51097	녹색사민당	423
부산광역시	2600	해운대구	220815	131460	129848	1612	89355	녹색사민당	804
부산광역시	2600	기장군	132902	85000	84053	947	47902	녹색사민당	437
부산광역시	2600	사하구	277497	168918	167073	1845	108579	녹색사민당	1068
부산광역시	2600	금정구	208803	128950	127593	1357	79853	녹색사민당	804
부산광역시	2600	강서구	147267	91822	90683	1139	55445	녹색사민당	517
부산광역시	2600	연제구	172759	108885	107661	1224	63874	녹색사민당	440
부산광역시	2600	수영구	139020	87450	86531	919	51570	녹색사민당	334
부산광역시	2600	사상구	211749	130087	128475	1612	81662	녹색사민당	862
부산광역시	2600	중구	43987	26530	26221	309	17457	민주노동당	2593
부산광역시	2600	서구	113920	68635	67667	968	45285	민주노동당	6607
부산광역시	2600	동구	94029	58069	57212	857	35960	민주노동당	6315
부산광역시	2600	영도구	133488	82165	80914	1251	51323	민주노동당	10515
부산광역시	2600	부산진구	316369	198256	196020	2236	118113	민주노동당	23310
부산광역시	2600	동래구	213774	134309	132936	1373	79465	민주노동당	15832
부산광역시	2600	남구	236600	149429	147750	1679	87171	민주노동당	18678
부산광역시	2600	북구	133099	82002	81013	989	51097	민주노동당	10188
부산광역시	2600	해운대구	220815	131460	129848	1612	89355	민주노동당	15793
부산광역시	2600	기장군	132902	85000	84053	947	47902	민주노동당	10964
부산광역시	2600	사하구	277497	168918	167073	1845	108579	민주노동당	21012
부산광역시	2600	금정구	208803	128950	127593	1357	79853	민주노동당	16364
부산광역시	2600	강서구	147267	91822	90683	1139	55445	민주노동당	11077
부산광역시	2600	연제구	172759	108885	107661	1224	63874	민주노동당	12443
부산광역시	2600	수영구	139020	87450	86531	919	51570	민주노동당	9348
부산광역시	2600	사상구	211749	130087	128475	1612	81662	민주노동당	15041
부산광역시	2600	중구	43987	26530	26221	309	17457	민주화합당	21
부산광역시	2600	서구	113920	68635	67667	968	45285	민주화합당	57
부산광역시	2600	동구	94029	58069	57212	857	35960	민주화합당	66
부산광역시	2600	영도구	133488	82165	80914	1251	51323	민주화합당	103
부산광역시	2600	부산진구	316369	198256	196020	2236	118113	민주화합당	164
부산광역시	2600	동래구	213774	134309	132936	1373	79465	민주화합당	110
부산광역시	2600	남구	236600	149429	147750	1679	87171	민주화합당	123
부산광역시	2600	북구	133099	82002	81013	989	51097	민주화합당	77
부산광역시	2600	해운대구	220815	131460	129848	1612	89355	민주화합당	116
부산광역시	2600	기장군	132902	85000	84053	947	47902	민주화합당	69
부산광역시	2600	사하구	277497	168918	167073	1845	108579	민주화합당	137
부산광역시	2600	금정구	208803	128950	127593	1357	79853	민주화합당	103
부산광역시	2600	강서구	147267	91822	90683	1139	55445	민주화합당	82
부산광역시	2600	연제구	172759	108885	107661	1224	63874	민주화합당	73
부산광역시	2600	수영구	139020	87450	86531	919	51570	민주화합당	44
부산광역시	2600	사상구	211749	130087	128475	1612	81662	민주화합당	113
부산광역시	2600	중구	43987	26530	26221	309	17457	사회당	48
부산광역시	2600	서구	113920	68635	67667	968	45285	사회당	253
부산광역시	2600	동구	94029	58069	57212	857	35960	사회당	139
부산광역시	2600	영도구	133488	82165	80914	1251	51323	사회당	136
부산광역시	2600	부산진구	316369	198256	196020	2236	118113	사회당	314
부산광역시	2600	동래구	213774	134309	132936	1373	79465	사회당	193
부산광역시	2600	남구	236600	149429	147750	1679	87171	사회당	218
부산광역시	2600	북구	133099	82002	81013	989	51097	사회당	115
부산광역시	2600	해운대구	220815	131460	129848	1612	89355	사회당	195
부산광역시	2600	기장군	132902	85000	84053	947	47902	사회당	109
부산광역시	2600	사하구	277497	168918	167073	1845	108579	사회당	267
부산광역시	2600	금정구	208803	128950	127593	1357	79853	사회당	193
부산광역시	2600	강서구	147267	91822	90683	1139	55445	사회당	167
부산광역시	2600	연제구	172759	108885	107661	1224	63874	사회당	158
부산광역시	2600	수영구	139020	87450	86531	919	51570	사회당	104
부산광역시	2600	사상구	211749	130087	128475	1612	81662	사회당	215
대구광역시	2700	중구	67076	40087	39594	493	26989	한나라당	26563
대구광역시	2700	동구	259243	153714	151756	1958	105529	한나라당	92508
대구광역시	2700	서구	200208	112387	110580	1807	87821	한나라당	68413
대구광역시	2700	남구	145460	85339	84351	988	60121	한나라당	54790
대구광역시	2700	북구	323679	189325	187224	2101	134354	한나라당	112030
대구광역시	2700	수성구	321845	204106	202301	1805	117739	한나라당	131987
대구광역시	2700	달서구	423087	248294	245696	2598	174793	한나라당	150129
대구광역시	2700	달성군	111889	65634	64318	1316	46255	한나라당	37626
대구광역시	2700	중구	67076	40087	39594	493	26989	새천년민주당	390
대구광역시	2700	동구	259243	153714	151756	1958	105529	새천년민주당	1753
대구광역시	2700	서구	200208	112387	110580	1807	87821	새천년민주당	1187
대구광역시	2700	남구	145460	85339	84351	988	60121	새천년민주당	661
대구광역시	2700	북구	323679	189325	187224	2101	134354	새천년민주당	1998
대구광역시	2700	수성구	321845	204106	202301	1805	117739	새천년민주당	2843
대구광역시	2700	달서구	423087	248294	245696	2598	174793	새천년민주당	2649
대구광역시	2700	달성군	111889	65634	64318	1316	46255	새천년민주당	682
대구광역시	2700	중구	67076	40087	39594	493	26989	열린우리당	8030
대구광역시	2700	동구	259243	153714	151756	1958	105529	열린우리당	35854
대구광역시	2700	서구	200208	112387	110580	1807	87821	열린우리당	24692
대구광역시	2700	남구	145460	85339	84351	988	60121	열린우리당	17799
대구광역시	2700	북구	323679	189325	187224	2101	134354	열린우리당	44949
대구광역시	2700	수성구	321845	204106	202301	1805	117739	열린우리당	40489
대구광역시	2700	달서구	423087	248294	245696	2598	174793	열린우리당	55114
대구광역시	2700	달성군	111889	65634	64318	1316	46255	열린우리당	14923
대구광역시	2700	중구	67076	40087	39594	493	26989	자민련	331
대구광역시	2700	동구	259243	153714	151756	1958	105529	자민련	1259
대구광역시	2700	서구	200208	112387	110580	1807	87821	자민련	852
대구광역시	2700	남구	145460	85339	84351	988	60121	자민련	671
대구광역시	2700	북구	323679	189325	187224	2101	134354	자민련	1303
대구광역시	2700	수성구	321845	204106	202301	1805	117739	자민련	1534
대구광역시	2700	달서구	423087	248294	245696	2598	174793	자민련	1871
대구광역시	2700	달성군	111889	65634	64318	1316	46255	자민련	498
대구광역시	2700	중구	67076	40087	39594	493	26989	국민통합21	109
대구광역시	2700	동구	259243	153714	151756	1958	105529	국민통합21	404
대구광역시	2700	서구	200208	112387	110580	1807	87821	국민통합21	624
대구광역시	2700	남구	145460	85339	84351	988	60121	국민통합21	195
대구광역시	2700	북구	323679	189325	187224	2101	134354	국민통합21	460
대구광역시	2700	수성구	321845	204106	202301	1805	117739	국민통합21	591
대구광역시	2700	달서구	423087	248294	245696	2598	174793	국민통합21	702
대구광역시	2700	달성군	111889	65634	64318	1316	46255	국민통합21	183
대구광역시	2700	중구	67076	40087	39594	493	26989	가자희망2080	16
대구광역시	2700	동구	259243	153714	151756	1958	105529	가자희망2080	482
대구광역시	2700	서구	200208	112387	110580	1807	87821	가자희망2080	166
대구광역시	2700	남구	145460	85339	84351	988	60121	가자희망2080	35
대구광역시	2700	북구	323679	189325	187224	2101	134354	가자희망2080	195
대구광역시	2700	수성구	321845	204106	202301	1805	117739	가자희망2080	152
대구광역시	2700	달서구	423087	248294	245696	2598	174793	가자희망2080	398
대구광역시	2700	달성군	111889	65634	64318	1316	46255	가자희망2080	57
대구광역시	2700	중구	67076	40087	39594	493	26989	공화당	26
대구광역시	2700	동구	259243	153714	151756	1958	105529	공화당	107
대구광역시	2700	서구	200208	112387	110580	1807	87821	공화당	118
대구광역시	2700	남구	145460	85339	84351	988	60121	공화당	62
대구광역시	2700	북구	323679	189325	187224	2101	134354	공화당	119
대구광역시	2700	수성구	321845	204106	202301	1805	117739	공화당	115
대구광역시	2700	달서구	423087	248294	245696	2598	174793	공화당	144
대구광역시	2700	달성군	111889	65634	64318	1316	46255	공화당	64
대구광역시	2700	중구	67076	40087	39594	493	26989	구국총연합	10
대구광역시	2700	동구	259243	153714	151756	1958	105529	구국총연합	36
대구광역시	2700	서구	200208	112387	110580	1807	87821	구국총연합	38
대구광역시	2700	남구	145460	85339	84351	988	60121	구국총연합	17
대구광역시	2700	북구	323679	189325	187224	2101	134354	구국총연합	37
대구광역시	2700	수성구	321845	204106	202301	1805	117739	구국총연합	17
대구광역시	2700	달서구	423087	248294	245696	2598	174793	구국총연합	47
대구광역시	2700	달성군	111889	65634	64318	1316	46255	구국총연합	22
대구광역시	2700	중구	67076	40087	39594	493	26989	기독당	320
대구광역시	2700	동구	259243	153714	151756	1958	105529	기독당	1214
대구광역시	2700	서구	200208	112387	110580	1807	87821	기독당	809
대구광역시	2700	남구	145460	85339	84351	988	60121	기독당	684
대구광역시	2700	북구	323679	189325	187224	2101	134354	기독당	1478
대구광역시	2700	수성구	321845	204106	202301	1805	117739	기독당	1730
대구광역시	2700	달서구	423087	248294	245696	2598	174793	기독당	2191
대구광역시	2700	달성군	111889	65634	64318	1316	46255	기독당	537
대구광역시	2700	중구	67076	40087	39594	493	26989	노년권익보호당	55
대구광역시	2700	동구	259243	153714	151756	1958	105529	노년권익보호당	235
대구광역시	2700	서구	200208	112387	110580	1807	87821	노년권익보호당	189
대구광역시	2700	남구	145460	85339	84351	988	60121	노년권익보호당	125
대구광역시	2700	북구	323679	189325	187224	2101	134354	노년권익보호당	264
대구광역시	2700	수성구	321845	204106	202301	1805	117739	노년권익보호당	264
대구광역시	2700	달서구	423087	248294	245696	2598	174793	노년권익보호당	377
대구광역시	2700	달성군	111889	65634	64318	1316	46255	노년권익보호당	105
대구광역시	2700	중구	67076	40087	39594	493	26989	녹색사민당	101
대구광역시	2700	동구	259243	153714	151756	1958	105529	녹색사민당	671
대구광역시	2700	서구	200208	112387	110580	1807	87821	녹색사민당	510
대구광역시	2700	남구	145460	85339	84351	988	60121	녹색사민당	290
대구광역시	2700	북구	323679	189325	187224	2101	134354	녹색사민당	967
대구광역시	2700	수성구	321845	204106	202301	1805	117739	녹색사민당	780
대구광역시	2700	달서구	423087	248294	245696	2598	174793	녹색사민당	1105
대구광역시	2700	달성군	111889	65634	64318	1316	46255	녹색사민당	362
대구광역시	2700	중구	67076	40087	39594	493	26989	민주노동당	3541
대구광역시	2700	동구	259243	153714	151756	1958	105529	민주노동당	16810
대구광역시	2700	서구	200208	112387	110580	1807	87821	민주노동당	12614
대구광역시	2700	남구	145460	85339	84351	988	60121	민주노동당	8838
대구광역시	2700	북구	323679	189325	187224	2101	134354	민주노동당	22996
대구광역시	2700	수성구	321845	204106	202301	1805	117739	민주노동당	21494
대구광역시	2700	달서구	423087	248294	245696	2598	174793	민주노동당	30405
대구광역시	2700	달성군	111889	65634	64318	1316	46255	민주노동당	8895
대구광역시	2700	중구	67076	40087	39594	493	26989	민주화합당	37
대구광역시	2700	동구	259243	153714	151756	1958	105529	민주화합당	127
대구광역시	2700	서구	200208	112387	110580	1807	87821	민주화합당	113
대구광역시	2700	남구	145460	85339	84351	988	60121	민주화합당	62
대구광역시	2700	북구	323679	189325	187224	2101	134354	민주화합당	137
대구광역시	2700	수성구	321845	204106	202301	1805	117739	민주화합당	84
대구광역시	2700	달서구	423087	248294	245696	2598	174793	민주화합당	184
대구광역시	2700	달성군	111889	65634	64318	1316	46255	민주화합당	96
대구광역시	2700	중구	67076	40087	39594	493	26989	사회당	65
대구광역시	2700	동구	259243	153714	151756	1958	105529	사회당	296
대구광역시	2700	서구	200208	112387	110580	1807	87821	사회당	255
대구광역시	2700	남구	145460	85339	84351	988	60121	사회당	122
대구광역시	2700	북구	323679	189325	187224	2101	134354	사회당	291
대구광역시	2700	수성구	321845	204106	202301	1805	117739	사회당	221
대구광역시	2700	달서구	423087	248294	245696	2598	174793	사회당	380
대구광역시	2700	달성군	111889	65634	64318	1316	46255	사회당	268
인천광역시	2800	중구	66515	37102	36446	656	29413	한나라당	13673
인천광역시	2800	동구	63482	37554	36918	636	25928	한나라당	12835
인천광역시	2800	남구	327911	181004	178807	2197	146907	한나라당	67328
인천광역시	2800	연수구	175945	107266	106428	838	68679	한나라당	40763
인천광역시	2800	남동구	280449	161485	159588	1897	118964	한나라당	54030
인천광역시	2800	부평구	398333	231365	228906	2459	166968	한나라당	74970
인천광역시	2800	계양구	231137	132860	131637	1223	98277	한나라당	40507
인천광역시	2800	서구	200170	108540	107250	1290	91630	한나라당	33140
인천광역시	2800	강화군	91690	55951	54631	1320	35739	한나라당	22182
인천광역시	2800	옹진군	11414	7842	7541	301	3572	한나라당	3294
인천광역시	2800	중구	66515	37102	36446	656	29413	새천년민주당	1747
인천광역시	2800	동구	63482	37554	36918	636	25928	새천년민주당	2117
인천광역시	2800	남구	327911	181004	178807	2197	146907	새천년민주당	8173
인천광역시	2800	연수구	175945	107266	106428	838	68679	새천년민주당	3885
인천광역시	2800	남동구	280449	161485	159588	1897	118964	새천년민주당	7480
인천광역시	2800	부평구	398333	231365	228906	2459	166968	새천년민주당	14285
인천광역시	2800	계양구	231137	132860	131637	1223	98277	새천년민주당	8687
인천광역시	2800	서구	200170	108540	107250	1290	91630	새천년민주당	7229
인천광역시	2800	강화군	91690	55951	54631	1320	35739	새천년민주당	2372
인천광역시	2800	옹진군	11414	7842	7541	301	3572	새천년민주당	307
인천광역시	2800	중구	66515	37102	36446	656	29413	열린우리당	13342
인천광역시	2800	동구	63482	37554	36918	636	25928	열린우리당	13740
인천광역시	2800	남구	327911	181004	178807	2197	146907	열린우리당	68090
인천광역시	2800	연수구	175945	107266	106428	838	68679	열린우리당	39688
인천광역시	2800	남동구	280449	161485	159588	1897	118964	열린우리당	64896
인천광역시	2800	부평구	398333	231365	228906	2459	166968	열린우리당	90220
인천광역시	2800	계양구	231137	132860	131637	1223	98277	열린우리당	56631
인천광역시	2800	서구	200170	108540	107250	1290	91630	열린우리당	43905
인천광역시	2800	강화군	91690	55951	54631	1320	35739	열린우리당	20941
인천광역시	2800	옹진군	11414	7842	7541	301	3572	열린우리당	2672
인천광역시	2800	중구	66515	37102	36446	656	29413	자민련	762
인천광역시	2800	동구	63482	37554	36918	636	25928	자민련	848
인천광역시	2800	남구	327911	181004	178807	2197	146907	자민련	4401
인천광역시	2800	연수구	175945	107266	106428	838	68679	자민련	2335
인천광역시	2800	남동구	280449	161485	159588	1897	118964	자민련	3580
인천광역시	2800	부평구	398333	231365	228906	2459	166968	자민련	4496
인천광역시	2800	계양구	231137	132860	131637	1223	98277	자민련	2814
인천광역시	2800	서구	200170	108540	107250	1290	91630	자민련	2189
인천광역시	2800	강화군	91690	55951	54631	1320	35739	자민련	969
인천광역시	2800	옹진군	11414	7842	7541	301	3572	자민련	112
인천광역시	2800	중구	66515	37102	36446	656	29413	국민통합21	179
인천광역시	2800	동구	63482	37554	36918	636	25928	국민통합21	290
인천광역시	2800	남구	327911	181004	178807	2197	146907	국민통합21	855
인천광역시	2800	연수구	175945	107266	106428	838	68679	국민통합21	465
인천광역시	2800	남동구	280449	161485	159588	1897	118964	국민통합21	596
인천광역시	2800	부평구	398333	231365	228906	2459	166968	국민통합21	1329
인천광역시	2800	계양구	231137	132860	131637	1223	98277	국민통합21	452
인천광역시	2800	서구	200170	108540	107250	1290	91630	국민통합21	530
인천광역시	2800	강화군	91690	55951	54631	1320	35739	국민통합21	373
인천광역시	2800	옹진군	11414	7842	7541	301	3572	국민통합21	78
인천광역시	2800	중구	66515	37102	36446	656	29413	가자희망2080	447
인천광역시	2800	동구	63482	37554	36918	636	25928	가자희망2080	306
인천광역시	2800	남구	327911	181004	178807	2197	146907	가자희망2080	378
인천광역시	2800	연수구	175945	107266	106428	838	68679	가자희망2080	103
인천광역시	2800	남동구	280449	161485	159588	1897	118964	가자희망2080	138
인천광역시	2800	부평구	398333	231365	228906	2459	166968	가자희망2080	172
인천광역시	2800	계양구	231137	132860	131637	1223	98277	가자희망2080	107
인천광역시	2800	서구	200170	108540	107250	1290	91630	가자희망2080	84
인천광역시	2800	강화군	91690	55951	54631	1320	35739	가자희망2080	52
인천광역시	2800	옹진군	11414	7842	7541	301	3572	가자희망2080	178
인천광역시	2800	중구	66515	37102	36446	656	29413	공화당	34
인천광역시	2800	동구	63482	37554	36918	636	25928	공화당	39
인천광역시	2800	남구	327911	181004	178807	2197	146907	공화당	140
인천광역시	2800	연수구	175945	107266	106428	838	68679	공화당	69
인천광역시	2800	남동구	280449	161485	159588	1897	118964	공화당	94
인천광역시	2800	부평구	398333	231365	228906	2459	166968	공화당	131
인천광역시	2800	계양구	231137	132860	131637	1223	98277	공화당	70
인천광역시	2800	서구	200170	108540	107250	1290	91630	공화당	94
인천광역시	2800	강화군	91690	55951	54631	1320	35739	공화당	75
인천광역시	2800	옹진군	11414	7842	7541	301	3572	공화당	23
인천광역시	2800	중구	66515	37102	36446	656	29413	구국총연합	15
인천광역시	2800	동구	63482	37554	36918	636	25928	구국총연합	8
인천광역시	2800	남구	327911	181004	178807	2197	146907	구국총연합	46
인천광역시	2800	연수구	175945	107266	106428	838	68679	구국총연합	16
인천광역시	2800	남동구	280449	161485	159588	1897	118964	구국총연합	29
인천광역시	2800	부평구	398333	231365	228906	2459	166968	구국총연합	47
인천광역시	2800	계양구	231137	132860	131637	1223	98277	구국총연합	24
인천광역시	2800	서구	200170	108540	107250	1290	91630	구국총연합	24
인천광역시	2800	강화군	91690	55951	54631	1320	35739	구국총연합	19
인천광역시	2800	옹진군	11414	7842	7541	301	3572	구국총연합	12
인천광역시	2800	중구	66515	37102	36446	656	29413	기독당	455
인천광역시	2800	동구	63482	37554	36918	636	25928	기독당	366
인천광역시	2800	남구	327911	181004	178807	2197	146907	기독당	2090
인천광역시	2800	연수구	175945	107266	106428	838	68679	기독당	1258
인천광역시	2800	남동구	280449	161485	159588	1897	118964	기독당	2204
인천광역시	2800	부평구	398333	231365	228906	2459	166968	기독당	2854
인천광역시	2800	계양구	231137	132860	131637	1223	98277	기독당	1684
인천광역시	2800	서구	200170	108540	107250	1290	91630	기독당	1401
인천광역시	2800	강화군	91690	55951	54631	1320	35739	기독당	758
인천광역시	2800	옹진군	11414	7842	7541	301	3572	기독당	129
인천광역시	2800	중구	66515	37102	36446	656	29413	노년권익보호당	79
인천광역시	2800	동구	63482	37554	36918	636	25928	노년권익보호당	85
인천광역시	2800	남구	327911	181004	178807	2197	146907	노년권익보호당	291
인천광역시	2800	연수구	175945	107266	106428	838	68679	노년권익보호당	149
인천광역시	2800	남동구	280449	161485	159588	1897	118964	노년권익보호당	270
인천광역시	2800	부평구	398333	231365	228906	2459	166968	노년권익보호당	343
인천광역시	2800	계양구	231137	132860	131637	1223	98277	노년권익보호당	193
인천광역시	2800	서구	200170	108540	107250	1290	91630	노년권익보호당	170
인천광역시	2800	강화군	91690	55951	54631	1320	35739	노년권익보호당	116
인천광역시	2800	옹진군	11414	7842	7541	301	3572	노년권익보호당	22
인천광역시	2800	중구	66515	37102	36446	656	29413	녹색사민당	211
인천광역시	2800	동구	63482	37554	36918	636	25928	녹색사민당	211
인천광역시	2800	남구	327911	181004	178807	2197	146907	녹색사민당	1144
인천광역시	2800	연수구	175945	107266	106428	838	68679	녹색사민당	584
인천광역시	2800	남동구	280449	161485	159588	1897	118964	녹색사민당	1036
인천광역시	2800	부평구	398333	231365	228906	2459	166968	녹색사민당	1085
인천광역시	2800	계양구	231137	132860	131637	1223	98277	녹색사민당	696
인천광역시	2800	서구	200170	108540	107250	1290	91630	녹색사민당	741
인천광역시	2800	강화군	91690	55951	54631	1320	35739	녹색사민당	209
인천광역시	2800	옹진군	11414	7842	7541	301	3572	녹색사민당	40
인천광역시	2800	중구	66515	37102	36446	656	29413	민주노동당	5319
인천광역시	2800	동구	63482	37554	36918	636	25928	민주노동당	5896
인천광역시	2800	남구	327911	181004	178807	2197	146907	민주노동당	25399
인천광역시	2800	연수구	175945	107266	106428	838	68679	민주노동당	16909
인천광역시	2800	남동구	280449	161485	159588	1897	118964	민주노동당	24856
인천광역시	2800	부평구	398333	231365	228906	2459	166968	민주노동당	38431
인천광역시	2800	계양구	231137	132860	131637	1223	98277	민주노동당	19499
인천광역시	2800	서구	200170	108540	107250	1290	91630	민주노동당	17473
인천광역시	2800	강화군	91690	55951	54631	1320	35739	민주노동당	6307
인천광역시	2800	옹진군	11414	7842	7541	301	3572	민주노동당	574
인천광역시	2800	중구	66515	37102	36446	656	29413	민주화합당	65
인천광역시	2800	동구	63482	37554	36918	636	25928	민주화합당	54
인천광역시	2800	남구	327911	181004	178807	2197	146907	민주화합당	196
인천광역시	2800	연수구	175945	107266	106428	838	68679	민주화합당	75
인천광역시	2800	남동구	280449	161485	159588	1897	118964	민주화합당	191
인천광역시	2800	부평구	398333	231365	228906	2459	166968	민주화합당	264
인천광역시	2800	계양구	231137	132860	131637	1223	98277	민주화합당	124
인천광역시	2800	서구	200170	108540	107250	1290	91630	민주화합당	132
인천광역시	2800	강화군	91690	55951	54631	1320	35739	민주화합당	93
인천광역시	2800	옹진군	11414	7842	7541	301	3572	민주화합당	35
인천광역시	2800	중구	66515	37102	36446	656	29413	사회당	118
인천광역시	2800	동구	63482	37554	36918	636	25928	사회당	123
인천광역시	2800	남구	327911	181004	178807	2197	146907	사회당	276
인천광역시	2800	연수구	175945	107266	106428	838	68679	사회당	129
인천광역시	2800	남동구	280449	161485	159588	1897	118964	사회당	188
인천광역시	2800	부평구	398333	231365	228906	2459	166968	사회당	279
인천광역시	2800	계양구	231137	132860	131637	1223	98277	사회당	149
인천광역시	2800	서구	200170	108540	107250	1290	91630	사회당	138
인천광역시	2800	강화군	91690	55951	54631	1320	35739	사회당	165
인천광역시	2800	옹진군	11414	7842	7541	301	3572	사회당	65
광주광역시	2900	동구	90504	54800	54176	624	35704	한나라당	1415
광주광역시	2900	서구	216982	134361	133263	1098	82621	한나라당	2559
광주광역시	2900	남구	158213	96354	95406	948	61859	한나라당	1753
광주광역시	2900	북구	325675	190664	189008	1656	135011	한나라당	3136
광주광역시	2900	광산구	191435	115166	113901	1265	76269	한나라당	1763
광주광역시	2900	동구	90504	54800	54176	624	35704	새천년민주당	19017
광주광역시	2900	서구	216982	134361	133263	1098	82621	새천년민주당	41666
광주광역시	2900	남구	158213	96354	95406	948	61859	새천년민주당	32745
광주광역시	2900	북구	325675	190664	189008	1656	135011	새천년민주당	58023
광주광역시	2900	광산구	191435	115166	113901	1265	76269	새천년민주당	30844
광주광역시	2900	동구	90504	54800	54176	624	35704	열린우리당	26790
광주광역시	2900	서구	216982	134361	133263	1098	82621	열린우리당	68439
광주광역시	2900	남구	158213	96354	95406	948	61859	열린우리당	48008
광주광역시	2900	북구	325675	190664	189008	1656	135011	열린우리당	99300
광주광역시	2900	광산구	191435	115166	113901	1265	76269	열린우리당	59435
광주광역시	2900	동구	90504	54800	54176	624	35704	자민련	180
광주광역시	2900	서구	216982	134361	133263	1098	82621	자민련	384
광주광역시	2900	남구	158213	96354	95406	948	61859	자민련	344
광주광역시	2900	북구	325675	190664	189008	1656	135011	자민련	648
광주광역시	2900	광산구	191435	115166	113901	1265	76269	자민련	491
광주광역시	2900	동구	90504	54800	54176	624	35704	국민통합21	178
광주광역시	2900	서구	216982	134361	133263	1098	82621	국민통합21	567
광주광역시	2900	남구	158213	96354	95406	948	61859	국민통합21	281
광주광역시	2900	북구	325675	190664	189008	1656	135011	국민통합21	489
광주광역시	2900	광산구	191435	115166	113901	1265	76269	국민통합21	418
광주광역시	2900	동구	90504	54800	54176	624	35704	가자희망2080	29
광주광역시	2900	서구	216982	134361	133263	1098	82621	가자희망2080	118
광주광역시	2900	남구	158213	96354	95406	948	61859	가자희망2080	172
광주광역시	2900	북구	325675	190664	189008	1656	135011	가자희망2080	198
광주광역시	2900	광산구	191435	115166	113901	1265	76269	가자희망2080	69
광주광역시	2900	동구	90504	54800	54176	624	35704	공화당	28
광주광역시	2900	서구	216982	134361	133263	1098	82621	공화당	42
광주광역시	2900	남구	158213	96354	95406	948	61859	공화당	44
광주광역시	2900	북구	325675	190664	189008	1656	135011	공화당	106
광주광역시	2900	광산구	191435	115166	113901	1265	76269	공화당	58
광주광역시	2900	동구	90504	54800	54176	624	35704	구국총연합	17
광주광역시	2900	서구	216982	134361	133263	1098	82621	구국총연합	27
광주광역시	2900	남구	158213	96354	95406	948	61859	구국총연합	30
광주광역시	2900	북구	325675	190664	189008	1656	135011	구국총연합	78
광주광역시	2900	광산구	191435	115166	113901	1265	76269	구국총연합	24
광주광역시	2900	동구	90504	54800	54176	624	35704	기독당	355
광주광역시	2900	서구	216982	134361	133263	1098	82621	기독당	1017
광주광역시	2900	남구	158213	96354	95406	948	61859	기독당	731
광주광역시	2900	북구	325675	190664	189008	1656	135011	기독당	1376
광주광역시	2900	광산구	191435	115166	113901	1265	76269	기독당	809
광주광역시	2900	동구	90504	54800	54176	624	35704	노년권익보호당	78
광주광역시	2900	서구	216982	134361	133263	1098	82621	노년권익보호당	114
광주광역시	2900	남구	158213	96354	95406	948	61859	노년권익보호당	107
광주광역시	2900	북구	325675	190664	189008	1656	135011	노년권익보호당	197
광주광역시	2900	광산구	191435	115166	113901	1265	76269	노년권익보호당	138
광주광역시	2900	동구	90504	54800	54176	624	35704	녹색사민당	129
광주광역시	2900	서구	216982	134361	133263	1098	82621	녹색사민당	384
광주광역시	2900	남구	158213	96354	95406	948	61859	녹색사민당	264
광주광역시	2900	북구	325675	190664	189008	1656	135011	녹색사민당	726
광주광역시	2900	광산구	191435	115166	113901	1265	76269	녹색사민당	460
광주광역시	2900	동구	90504	54800	54176	624	35704	민주노동당	5726
광주광역시	2900	서구	216982	134361	133263	1098	82621	민주노동당	17585
광주광역시	2900	남구	158213	96354	95406	948	61859	민주노동당	10544
광주광역시	2900	북구	325675	190664	189008	1656	135011	민주노동당	24184
광주광역시	2900	광산구	191435	115166	113901	1265	76269	민주노동당	18926
광주광역시	2900	동구	90504	54800	54176	624	35704	민주화합당	192
광주광역시	2900	서구	216982	134361	133263	1098	82621	민주화합당	260
광주광역시	2900	남구	158213	96354	95406	948	61859	민주화합당	296
광주광역시	2900	북구	325675	190664	189008	1656	135011	민주화합당	399
광주광역시	2900	광산구	191435	115166	113901	1265	76269	민주화합당	322
광주광역시	2900	동구	90504	54800	54176	624	35704	사회당	42
광주광역시	2900	서구	216982	134361	133263	1098	82621	사회당	101
광주광역시	2900	남구	158213	96354	95406	948	61859	사회당	87
광주광역시	2900	북구	325675	190664	189008	1656	135011	사회당	148
광주광역시	2900	광산구	191435	115166	113901	1265	76269	사회당	144
대전광역시	3000	동구	181578	102452	100828	1624	79126	한나라당	21854
대전광역시	3000	중구	200140	116395	114992	1403	83745	한나라당	29180
대전광역시	3000	서구	351860	209647	207870	1777	142213	한나라당	54121
대전광역시	3000	유성구	132670	82434	81676	758	50236	한나라당	20614
대전광역시	3000	대덕구	160033	93577	92399	1178	66456	한나라당	19606
대전광역시	3000	동구	181578	102452	100828	1624	79126	새천년민주당	3422
대전광역시	3000	중구	200140	116395	114992	1403	83745	새천년민주당	3444
대전광역시	3000	서구	351860	209647	207870	1777	142213	새천년민주당	6516
대전광역시	3000	유성구	132670	82434	81676	758	50236	새천년민주당	2516
대전광역시	3000	대덕구	160033	93577	92399	1178	66456	새천년민주당	2653
대전광역시	3000	동구	181578	102452	100828	1624	79126	열린우리당	45508
대전광역시	3000	중구	200140	116395	114992	1403	83745	열린우리당	50201
대전광역시	3000	서구	351860	209647	207870	1777	142213	열린우리당	87939
대전광역시	3000	유성구	132670	82434	81676	758	50236	열린우리당	36979
대전광역시	3000	대덕구	160033	93577	92399	1178	66456	열린우리당	41440
대전광역시	3000	동구	181578	102452	100828	1624	79126	자민련	17357
대전광역시	3000	중구	200140	116395	114992	1403	83745	자민련	17312
대전광역시	3000	서구	351860	209647	207870	1777	142213	자민련	29916
대전광역시	3000	유성구	132670	82434	81676	758	50236	자민련	8205
대전광역시	3000	대덕구	160033	93577	92399	1178	66456	자민련	13854
대전광역시	3000	동구	181578	102452	100828	1624	79126	국민통합21	349
대전광역시	3000	중구	200140	116395	114992	1403	83745	국민통합21	358
대전광역시	3000	서구	351860	209647	207870	1777	142213	국민통합21	755
대전광역시	3000	유성구	132670	82434	81676	758	50236	국민통합21	476
대전광역시	3000	대덕구	160033	93577	92399	1178	66456	국민통합21	292
대전광역시	3000	동구	181578	102452	100828	1624	79126	가자희망2080	107
대전광역시	3000	중구	200140	116395	114992	1403	83745	가자희망2080	91
대전광역시	3000	서구	351860	209647	207870	1777	142213	가자희망2080	174
대전광역시	3000	유성구	132670	82434	81676	758	50236	가자희망2080	56
대전광역시	3000	대덕구	160033	93577	92399	1178	66456	가자희망2080	147
대전광역시	3000	동구	181578	102452	100828	1624	79126	공화당	113
대전광역시	3000	중구	200140	116395	114992	1403	83745	공화당	88
대전광역시	3000	서구	351860	209647	207870	1777	142213	공화당	140
대전광역시	3000	유성구	132670	82434	81676	758	50236	공화당	60
대전광역시	3000	대덕구	160033	93577	92399	1178	66456	공화당	92
대전광역시	3000	동구	181578	102452	100828	1624	79126	구국총연합	42
대전광역시	3000	중구	200140	116395	114992	1403	83745	구국총연합	24
대전광역시	3000	서구	351860	209647	207870	1777	142213	구국총연합	37
대전광역시	3000	유성구	132670	82434	81676	758	50236	구국총연합	20
대전광역시	3000	대덕구	160033	93577	92399	1178	66456	구국총연합	27
대전광역시	3000	동구	181578	102452	100828	1624	79126	기독당	956
대전광역시	3000	중구	200140	116395	114992	1403	83745	기독당	1229
대전광역시	3000	서구	351860	209647	207870	1777	142213	기독당	2174
대전광역시	3000	유성구	132670	82434	81676	758	50236	기독당	907
대전광역시	3000	대덕구	160033	93577	92399	1178	66456	기독당	975
대전광역시	3000	동구	181578	102452	100828	1624	79126	노년권익보호당	139
대전광역시	3000	중구	200140	116395	114992	1403	83745	노년권익보호당	193
대전광역시	3000	서구	351860	209647	207870	1777	142213	노년권익보호당	260
대전광역시	3000	유성구	132670	82434	81676	758	50236	노년권익보호당	107
대전광역시	3000	대덕구	160033	93577	92399	1178	66456	노년권익보호당	105
대전광역시	3000	동구	181578	102452	100828	1624	79126	녹색사민당	431
대전광역시	3000	중구	200140	116395	114992	1403	83745	녹색사민당	333
대전광역시	3000	서구	351860	209647	207870	1777	142213	녹색사민당	530
대전광역시	3000	유성구	132670	82434	81676	758	50236	녹색사민당	270
대전광역시	3000	대덕구	160033	93577	92399	1178	66456	녹색사민당	600
대전광역시	3000	동구	181578	102452	100828	1624	79126	민주노동당	10124
대전광역시	3000	중구	200140	116395	114992	1403	83745	민주노동당	12236
대전광역시	3000	서구	351860	209647	207870	1777	142213	민주노동당	24784
대전광역시	3000	유성구	132670	82434	81676	758	50236	민주노동당	11284
대전광역시	3000	대덕구	160033	93577	92399	1178	66456	민주노동당	12351
대전광역시	3000	동구	181578	102452	100828	1624	79126	민주화합당	170
대전광역시	3000	중구	200140	116395	114992	1403	83745	민주화합당	127
대전광역시	3000	서구	351860	209647	207870	1777	142213	민주화합당	128
대전광역시	3000	유성구	132670	82434	81676	758	50236	민주화합당	64
대전광역시	3000	대덕구	160033	93577	92399	1178	66456	민주화합당	112
대전광역시	3000	동구	181578	102452	100828	1624	79126	사회당	256
대전광역시	3000	중구	200140	116395	114992	1403	83745	사회당	176
대전광역시	3000	서구	351860	209647	207870	1777	142213	사회당	396
대전광역시	3000	유성구	132670	82434	81676	758	50236	사회당	118
대전광역시	3000	대덕구	160033	93577	92399	1178	66456	사회당	145
울산광역시	3100	중구	167321	97842	96864	978	69479	한나라당	41618
울산광역시	3100	남구	241348	145274	144124	1150	96074	한나라당	61180
울산광역시	3100	동구	130210	87957	86990	967	42253	한나라당	17417
울산광역시	3100	북구	87860	58500	57904	596	29360	한나라당	17643
울산광역시	3100	울주군	124595	76092	74670	1422	48503	한나라당	29823
울산광역시	3100	중구	167321	97842	96864	978	69479	새천년민주당	1137
울산광역시	3100	남구	241348	145274	144124	1150	96074	새천년민주당	2270
울산광역시	3100	동구	130210	87957	86990	967	42253	새천년민주당	1855
울산광역시	3100	북구	87860	58500	57904	596	29360	새천년민주당	619
울산광역시	3100	울주군	124595	76092	74670	1422	48503	새천년민주당	993
울산광역시	3100	중구	167321	97842	96864	978	69479	열린우리당	30106
울산광역시	3100	남구	241348	145274	144124	1150	96074	열린우리당	45382
울산광역시	3100	동구	130210	87957	86990	967	42253	열린우리당	25284
울산광역시	3100	북구	87860	58500	57904	596	29360	열린우리당	16622
울산광역시	3100	울주군	124595	76092	74670	1422	48503	열린우리당	26179
울산광역시	3100	중구	167321	97842	96864	978	69479	자민련	721
울산광역시	3100	남구	241348	145274	144124	1150	96074	자민련	1204
울산광역시	3100	동구	130210	87957	86990	967	42253	자민련	1094
울산광역시	3100	북구	87860	58500	57904	596	29360	자민련	253
울산광역시	3100	울주군	124595	76092	74670	1422	48503	자민련	613
울산광역시	3100	중구	167321	97842	96864	978	69479	국민통합21	1963
울산광역시	3100	남구	241348	145274	144124	1150	96074	국민통합21	3043
울산광역시	3100	동구	130210	87957	86990	967	42253	국민통합21	17976
울산광역시	3100	북구	87860	58500	57904	596	29360	국민통합21	1207
울산광역시	3100	울주군	124595	76092	74670	1422	48503	국민통합21	2027
울산광역시	3100	중구	167321	97842	96864	978	69479	가자희망2080	104
울산광역시	3100	남구	241348	145274	144124	1150	96074	가자희망2080	86
울산광역시	3100	동구	130210	87957	86990	967	42253	가자희망2080	66
울산광역시	3100	북구	87860	58500	57904	596	29360	가자희망2080	27
울산광역시	3100	울주군	124595	76092	74670	1422	48503	가자희망2080	72
울산광역시	3100	중구	167321	97842	96864	978	69479	공화당	124
울산광역시	3100	남구	241348	145274	144124	1150	96074	공화당	63
울산광역시	3100	동구	130210	87957	86990	967	42253	공화당	68
울산광역시	3100	북구	87860	58500	57904	596	29360	공화당	21
울산광역시	3100	울주군	124595	76092	74670	1422	48503	공화당	75
울산광역시	3100	중구	167321	97842	96864	978	69479	구국총연합	25
울산광역시	3100	남구	241348	145274	144124	1150	96074	구국총연합	21
울산광역시	3100	동구	130210	87957	86990	967	42253	구국총연합	38
울산광역시	3100	북구	87860	58500	57904	596	29360	구국총연합	7
울산광역시	3100	울주군	124595	76092	74670	1422	48503	구국총연합	43
울산광역시	3100	중구	167321	97842	96864	978	69479	기독당	720
울산광역시	3100	남구	241348	145274	144124	1150	96074	기독당	914
울산광역시	3100	동구	130210	87957	86990	967	42253	기독당	640
울산광역시	3100	북구	87860	58500	57904	596	29360	기독당	536
울산광역시	3100	울주군	124595	76092	74670	1422	48503	기독당	653
울산광역시	3100	중구	167321	97842	96864	978	69479	노년권익보호당	117
울산광역시	3100	남구	241348	145274	144124	1150	96074	노년권익보호당	163
울산광역시	3100	동구	130210	87957	86990	967	42253	노년권익보호당	129
울산광역시	3100	북구	87860	58500	57904	596	29360	노년권익보호당	61
울산광역시	3100	울주군	124595	76092	74670	1422	48503	노년권익보호당	132
울산광역시	3100	중구	167321	97842	96864	978	69479	녹색사민당	503
울산광역시	3100	남구	241348	145274	144124	1150	96074	녹색사민당	1334
울산광역시	3100	동구	130210	87957	86990	967	42253	녹색사민당	210
울산광역시	3100	북구	87860	58500	57904	596	29360	녹색사민당	217
울산광역시	3100	울주군	124595	76092	74670	1422	48503	녹색사민당	2439
울산광역시	3100	중구	167321	97842	96864	978	69479	민주노동당	19022
울산광역시	3100	남구	241348	145274	144124	1150	96074	민주노동당	28138
울산광역시	3100	동구	130210	87957	86990	967	42253	민주노동당	21899
울산광역시	3100	북구	87860	58500	57904	596	29360	민주노동당	20498
울산광역시	3100	울주군	124595	76092	74670	1422	48503	민주노동당	11299
울산광역시	3100	중구	167321	97842	96864	978	69479	민주화합당	93
울산광역시	3100	남구	241348	145274	144124	1150	96074	민주화합당	148
울산광역시	3100	동구	130210	87957	86990	967	42253	민주화합당	179
울산광역시	3100	북구	87860	58500	57904	596	29360	민주화합당	90
울산광역시	3100	울주군	124595	76092	74670	1422	48503	민주화합당	102
울산광역시	3100	중구	167321	97842	96864	978	69479	사회당	611
울산광역시	3100	남구	241348	145274	144124	1150	96074	사회당	178
울산광역시	3100	동구	130210	87957	86990	967	42253	사회당	135
울산광역시	3100	북구	87860	58500	57904	596	29360	사회당	103
울산광역시	3100	울주군	124595	76092	74670	1422	48503	사회당	220
경기도	4100	수원시장안구	199510	123667	122625	1042	75843	한나라당	42478
경기도	4100	수원시권선구	198572	113997	113012	985	84575	한나라당	39504
경기도	4100	수원시팔달구	161109	91129	90234	895	69980	한나라당	33781
경기도	4100	수원시영통구	161126	102136	101571	565	58990	한나라당	35552
경기도	4100	성남시수정구	199098	108926	107860	1066	90172	한나라당	29964
경기도	4100	성남시중원구	203254	110013	108670	1343	93241	한나라당	28545
경기도	4100	성남시분당구	305763	207841	206697	1144	97922	한나라당	95182
경기도	4100	의정부시	284634	166141	164514	1627	118493	한나라당	57900
경기도	4100	안양시만안구	195214	115634	114564	1070	79580	한나라당	38748
경기도	4100	안양시동안구	245166	164383	163237	1146	80783	한나라당	58581
경기도	4100	부천시원미구	312985	188520	187062	1458	124465	한나라당	60540
경기도	4100	부천시소사구	157411	96152	95110	1042	61259	한나라당	31940
경기도	4100	부천시오정구	134043	72754	71868	886	61289	한나라당	20456
경기도	4100	광명시	243267	151085	149675	1410	92182	한나라당	46130
경기도	4100	평택시	261021	149177	147085	2092	111844	한나라당	50036
경기도	4100	동두천시	55724	31952	31341	611	23772	한나라당	12687
경기도	4100	양주시	106866	60561	59526	1035	46305	한나라당	21171
경기도	4100	안산시상록구	236731	130826	129518	1308	105905	한나라당	37404
경기도	4100	안산시단원구	211274	114271	113024	1247	97003	한나라당	34232
경기도	4100	고양시덕양구	273238	166184	164776	1408	107054	한나라당	58622
경기도	4100	고양시일산구	333136	216348	214938	1410	116788	한나라당	83711
경기도	4100	과천시	48892	34016	33785	231	14876	한나라당	13267
경기도	4100	의왕시	101900	65876	65363	513	36024	한나라당	22531
경기도	4100	구리시	136469	83565	82760	805	52904	한나라당	29200
경기도	4100	남양주시	288781	166631	164673	1958	122150	한나라당	58517
경기도	4100	오산시	82237	45794	45211	583	36443	한나라당	14538
경기도	4100	화성시	176242	96774	95446	1328	79468	한나라당	33387
경기도	4100	시흥시	250493	137279	135984	1295	113214	한나라당	40792
경기도	4100	군포시	192874	124724	123784	940	68150	한나라당	41275
경기도	4100	하남시	96080	57107	56476	631	38973	한나라당	21822
경기도	4100	파주시	175232	101614	100053	1561	73618	한나라당	40481
경기도	4100	이천시	133983	73024	71894	1130	60959	한나라당	24220
경기도	4100	용인시	420597	259598	257397	2201	160999	한나라당	104819
경기도	4100	안성시	111888	66397	65075	1322	45491	한나라당	22520
경기도	4100	김포시	147876	91602	90597	1005	56274	한나라당	34573
경기도	4100	여주군	77092	45460	44430	1030	31632	한나라당	19516
경기도	4100	광주시	141745	84826	83706	1120	56919	한나라당	31588
경기도	4100	포천시	108882	60899	59604	1295	47983	한나라당	21975
경기도	4100	연천군	38504	23932	23265	667	14572	한나라당	8133
경기도	4100	양평군	64872	41517	40406	1111	23355	한나라당	19593
경기도	4100	가평군	42270	26189	25503	686	16081	한나라당	11191
경기도	4100	수원시장안구	199510	123667	122625	1042	75843	새천년민주당	6393
경기도	4100	수원시권선구	198572	113997	113012	985	84575	새천년민주당	6005
경기도	4100	수원시팔달구	161109	91129	90234	895	69980	새천년민주당	4672
경기도	4100	수원시영통구	161126	102136	101571	565	58990	새천년민주당	4623
경기도	4100	성남시수정구	199098	108926	107860	1066	90172	새천년민주당	9114
경기도	4100	성남시중원구	203254	110013	108670	1343	93241	새천년민주당	9448
경기도	4100	성남시분당구	305763	207841	206697	1144	97922	새천년민주당	11747
경기도	4100	의정부시	284634	166141	164514	1627	118493	새천년민주당	8980
경기도	4100	안양시만안구	195214	115634	114564	1070	79580	새천년민주당	6149
경기도	4100	안양시동안구	245166	164383	163237	1146	80783	새천년민주당	9705
경기도	4100	부천시원미구	312985	188520	187062	1458	124465	새천년민주당	13673
경기도	4100	부천시소사구	157411	96152	95110	1042	61259	새천년민주당	6798
경기도	4100	부천시오정구	134043	72754	71868	886	61289	새천년민주당	6034
경기도	4100	광명시	243267	151085	149675	1410	92182	새천년민주당	11820
경기도	4100	평택시	261021	149177	147085	2092	111844	새천년민주당	6583
경기도	4100	동두천시	55724	31952	31341	611	23772	새천년민주당	1706
경기도	4100	양주시	106866	60561	59526	1035	46305	새천년민주당	3453
경기도	4100	안산시상록구	236731	130826	129518	1308	105905	새천년민주당	10095
경기도	4100	안산시단원구	211274	114271	113024	1247	97003	새천년민주당	8209
경기도	4100	고양시덕양구	273238	166184	164776	1408	107054	새천년민주당	10637
경기도	4100	고양시일산구	333136	216348	214938	1410	116788	새천년민주당	12440
경기도	4100	과천시	48892	34016	33785	231	14876	새천년민주당	1934
경기도	4100	의왕시	101900	65876	65363	513	36024	새천년민주당	3971
경기도	4100	구리시	136469	83565	82760	805	52904	새천년민주당	6020
경기도	4100	남양주시	288781	166631	164673	1958	122150	새천년민주당	10673
경기도	4100	오산시	82237	45794	45211	583	36443	새천년민주당	1874
경기도	4100	화성시	176242	96774	95446	1328	79468	새천년민주당	4444
경기도	4100	시흥시	250493	137279	135984	1295	113214	새천년민주당	8300
경기도	4100	군포시	192874	124724	123784	940	68150	새천년민주당	7499
경기도	4100	하남시	96080	57107	56476	631	38973	새천년민주당	3880
경기도	4100	파주시	175232	101614	100053	1561	73618	새천년민주당	4496
경기도	4100	이천시	133983	73024	71894	1130	60959	새천년민주당	5281
경기도	4100	용인시	420597	259598	257397	2201	160999	새천년민주당	13245
경기도	4100	안성시	111888	66397	65075	1322	45491	새천년민주당	3143
경기도	4100	김포시	147876	91602	90597	1005	56274	새천년민주당	4650
경기도	4100	여주군	77092	45460	44430	1030	31632	새천년민주당	1775
경기도	4100	광주시	141745	84826	83706	1120	56919	새천년민주당	5849
경기도	4100	포천시	108882	60899	59604	1295	47983	새천년민주당	2828
경기도	4100	연천군	38504	23932	23265	667	14572	새천년민주당	1125
경기도	4100	양평군	64872	41517	40406	1111	23355	새천년민주당	1554
경기도	4100	가평군	42270	26189	25503	686	16081	새천년민주당	1381
경기도	4100	수원시장안구	199510	123667	122625	1042	75843	열린우리당	48312
경기도	4100	수원시권선구	198572	113997	113012	985	84575	열린우리당	46134
경기도	4100	수원시팔달구	161109	91129	90234	895	69980	열린우리당	35852
경기도	4100	수원시영통구	161126	102136	101571	565	58990	열린우리당	41454
경기도	4100	성남시수정구	199098	108926	107860	1066	90172	열린우리당	47725
경기도	4100	성남시중원구	203254	110013	108670	1343	93241	열린우리당	47040
경기도	4100	성남시분당구	305763	207841	206697	1144	97922	열린우리당	69860
경기도	4100	의정부시	284634	166141	164514	1627	118493	열린우리당	68640
경기도	4100	안양시만안구	195214	115634	114564	1070	79580	열린우리당	47260
경기도	4100	안양시동안구	245166	164383	163237	1146	80783	열린우리당	64331
경기도	4100	부천시원미구	312985	188520	187062	1458	124465	열린우리당	77663
경기도	4100	부천시소사구	157411	96152	95110	1042	61259	열린우리당	39501
경기도	4100	부천시오정구	134043	72754	71868	886	61289	열린우리당	32625
경기도	4100	광명시	243267	151085	149675	1410	92182	열린우리당	62508
경기도	4100	평택시	261021	149177	147085	2092	111844	열린우리당	58075
경기도	4100	동두천시	55724	31952	31341	611	23772	열린우리당	12341
경기도	4100	양주시	106866	60561	59526	1035	46305	열린우리당	25638
경기도	4100	안산시상록구	236731	130826	129518	1308	105905	열린우리당	57233
경기도	4100	안산시단원구	211274	114271	113024	1247	97003	열린우리당	48684
경기도	4100	고양시덕양구	273238	166184	164776	1408	107054	열린우리당	64440
경기도	4100	고양시일산구	333136	216348	214938	1410	116788	열린우리당	80466
경기도	4100	과천시	48892	34016	33785	231	14876	열린우리당	11866
경기도	4100	의왕시	101900	65876	65363	513	36024	열린우리당	26180
경기도	4100	구리시	136469	83565	82760	805	52904	열린우리당	32457
경기도	4100	남양주시	288781	166631	164673	1958	122150	열린우리당	67414
경기도	4100	오산시	82237	45794	45211	583	36443	열린우리당	19477
경기도	4100	화성시	176242	96774	95446	1328	79468	열린우리당	38525
경기도	4100	시흥시	250493	137279	135984	1295	113214	열린우리당	61677
경기도	4100	군포시	192874	124724	123784	940	68150	열린우리당	47922
경기도	4100	하남시	96080	57107	56476	631	38973	열린우리당	21681
경기도	4100	파주시	175232	101614	100053	1561	73618	열린우리당	38713
경기도	4100	이천시	133983	73024	71894	1130	60959	열린우리당	29133
경기도	4100	용인시	420597	259598	257397	2201	160999	열린우리당	97870
경기도	4100	안성시	111888	66397	65075	1322	45491	열린우리당	26829
경기도	4100	김포시	147876	91602	90597	1005	56274	열린우리당	36494
경기도	4100	여주군	77092	45460	44430	1030	31632	열린우리당	15901
경기도	4100	광주시	141745	84826	83706	1120	56919	열린우리당	33357
경기도	4100	포천시	108882	60899	59604	1295	47983	열린우리당	24983
경기도	4100	연천군	38504	23932	23265	667	14572	열린우리당	9265
경기도	4100	양평군	64872	41517	40406	1111	23355	열린우리당	14043
경기도	4100	가평군	42270	26189	25503	686	16081	열린우리당	9324
경기도	4100	수원시장안구	199510	123667	122625	1042	75843	자민련	2468
경기도	4100	수원시권선구	198572	113997	113012	985	84575	자민련	2213
경기도	4100	수원시팔달구	161109	91129	90234	895	69980	자민련	1894
경기도	4100	수원시영통구	161126	102136	101571	565	58990	자민련	1567
경기도	4100	성남시수정구	199098	108926	107860	1066	90172	자민련	2235
경기도	4100	성남시중원구	203254	110013	108670	1343	93241	자민련	2135
경기도	4100	성남시분당구	305763	207841	206697	1144	97922	자민련	3271
경기도	4100	의정부시	284634	166141	164514	1627	118493	자민련	2908
경기도	4100	안양시만안구	195214	115634	114564	1070	79580	자민련	3340
경기도	4100	안양시동안구	245166	164383	163237	1146	80783	자민련	3480
경기도	4100	부천시원미구	312985	188520	187062	1458	124465	자민련	4168
경기도	4100	부천시소사구	157411	96152	95110	1042	61259	자민련	2256
경기도	4100	부천시오정구	134043	72754	71868	886	61289	자민련	1412
경기도	4100	광명시	243267	151085	149675	1410	92182	자민련	3983
경기도	4100	평택시	261021	149177	147085	2092	111844	자민련	3161
경기도	4100	동두천시	55724	31952	31341	611	23772	자민련	432
경기도	4100	양주시	106866	60561	59526	1035	46305	자민련	945
경기도	4100	안산시상록구	236731	130826	129518	1308	105905	자민련	2518
경기도	4100	안산시단원구	211274	114271	113024	1247	97003	자민련	2210
경기도	4100	고양시덕양구	273238	166184	164776	1408	107054	자민련	2611
경기도	4100	고양시일산구	333136	216348	214938	1410	116788	자민련	3148
경기도	4100	과천시	48892	34016	33785	231	14876	자민련	591
경기도	4100	의왕시	101900	65876	65363	513	36024	자민련	1494
경기도	4100	구리시	136469	83565	82760	805	52904	자민련	1454
경기도	4100	남양주시	288781	166631	164673	1958	122150	자민련	2793
경기도	4100	오산시	82237	45794	45211	583	36443	자민련	1130
경기도	4100	화성시	176242	96774	95446	1328	79468	자민련	2368
경기도	4100	시흥시	250493	137279	135984	1295	113214	자민련	2648
경기도	4100	군포시	192874	124724	123784	940	68150	자민련	2669
경기도	4100	하남시	96080	57107	56476	631	38973	자민련	980
경기도	4100	파주시	175232	101614	100053	1561	73618	자민련	1978
경기도	4100	이천시	133983	73024	71894	1130	60959	자민련	1143
경기도	4100	용인시	420597	259598	257397	2201	160999	자민련	4510
경기도	4100	안성시	111888	66397	65075	1322	45491	자민련	1448
경기도	4100	김포시	147876	91602	90597	1005	56274	자민련	1704
경기도	4100	여주군	77092	45460	44430	1030	31632	자민련	618
경기도	4100	광주시	141745	84826	83706	1120	56919	자민련	1430
경기도	4100	포천시	108882	60899	59604	1295	47983	자민련	2215
경기도	4100	연천군	38504	23932	23265	667	14572	자민련	1833
경기도	4100	양평군	64872	41517	40406	1111	23355	자민련	577
경기도	4100	가평군	42270	26189	25503	686	16081	자민련	424
경기도	4100	수원시장안구	199510	123667	122625	1042	75843	국민통합21	361
경기도	4100	수원시권선구	198572	113997	113012	985	84575	국민통합21	498
경기도	4100	수원시팔달구	161109	91129	90234	895	69980	국민통합21	313
경기도	4100	수원시영통구	161126	102136	101571	565	58990	국민통합21	245
경기도	4100	성남시수정구	199098	108926	107860	1066	90172	국민통합21	336
경기도	4100	성남시중원구	203254	110013	108670	1343	93241	국민통합21	1071
경기도	4100	성남시분당구	305763	207841	206697	1144	97922	국민통합21	594
경기도	4100	의정부시	284634	166141	164514	1627	118493	국민통합21	432
경기도	4100	안양시만안구	195214	115634	114564	1070	79580	국민통합21	479
경기도	4100	안양시동안구	245166	164383	163237	1146	80783	국민통합21	438
경기도	4100	부천시원미구	312985	188520	187062	1458	124465	국민통합21	627
경기도	4100	부천시소사구	157411	96152	95110	1042	61259	국민통합21	285
경기도	4100	부천시오정구	134043	72754	71868	886	61289	국민통합21	204
경기도	4100	광명시	243267	151085	149675	1410	92182	국민통합21	448
경기도	4100	평택시	261021	149177	147085	2092	111844	국민통합21	762
경기도	4100	동두천시	55724	31952	31341	611	23772	국민통합21	99
경기도	4100	양주시	106866	60561	59526	1035	46305	국민통합21	198
경기도	4100	안산시상록구	236731	130826	129518	1308	105905	국민통합21	418
경기도	4100	안산시단원구	211274	114271	113024	1247	97003	국민통합21	386
경기도	4100	고양시덕양구	273238	166184	164776	1408	107054	국민통합21	523
경기도	4100	고양시일산구	333136	216348	214938	1410	116788	국민통합21	658
경기도	4100	과천시	48892	34016	33785	231	14876	국민통합21	99
경기도	4100	의왕시	101900	65876	65363	513	36024	국민통합21	179
경기도	4100	구리시	136469	83565	82760	805	52904	국민통합21	237
경기도	4100	남양주시	288781	166631	164673	1958	122150	국민통합21	818
경기도	4100	오산시	82237	45794	45211	583	36443	국민통합21	124
경기도	4100	화성시	176242	96774	95446	1328	79468	국민통합21	570
경기도	4100	시흥시	250493	137279	135984	1295	113214	국민통합21	339
경기도	4100	군포시	192874	124724	123784	940	68150	국민통합21	330
경기도	4100	하남시	96080	57107	56476	631	38973	국민통합21	450
경기도	4100	파주시	175232	101614	100053	1561	73618	국민통합21	430
경기도	4100	이천시	133983	73024	71894	1130	60959	국민통합21	411
경기도	4100	용인시	420597	259598	257397	2201	160999	국민통합21	1226
경기도	4100	안성시	111888	66397	65075	1322	45491	국민통합21	292
경기도	4100	김포시	147876	91602	90597	1005	56274	국민통합21	399
경기도	4100	여주군	77092	45460	44430	1030	31632	국민통합21	251
경기도	4100	광주시	141745	84826	83706	1120	56919	국민통합21	243
경기도	4100	포천시	108882	60899	59604	1295	47983	국민통합21	239
경기도	4100	연천군	38504	23932	23265	667	14572	국민통합21	114
경기도	4100	양평군	64872	41517	40406	1111	23355	국민통합21	158
경기도	4100	가평군	42270	26189	25503	686	16081	국민통합21	94
경기도	4100	수원시장안구	199510	123667	122625	1042	75843	가자희망2080	84
경기도	4100	수원시권선구	198572	113997	113012	985	84575	가자희망2080	125
경기도	4100	수원시팔달구	161109	91129	90234	895	69980	가자희망2080	83
경기도	4100	수원시영통구	161126	102136	101571	565	58990	가자희망2080	100
경기도	4100	성남시수정구	199098	108926	107860	1066	90172	가자희망2080	113
경기도	4100	성남시중원구	203254	110013	108670	1343	93241	가자희망2080	351
경기도	4100	성남시분당구	305763	207841	206697	1144	97922	가자희망2080	115
경기도	4100	의정부시	284634	166141	164514	1627	118493	가자희망2080	213
경기도	4100	안양시만안구	195214	115634	114564	1070	79580	가자희망2080	112
경기도	4100	안양시동안구	245166	164383	163237	1146	80783	가자희망2080	93
경기도	4100	부천시원미구	312985	188520	187062	1458	124465	가자희망2080	113
경기도	4100	부천시소사구	157411	96152	95110	1042	61259	가자희망2080	69
경기도	4100	부천시오정구	134043	72754	71868	886	61289	가자희망2080	58
경기도	4100	광명시	243267	151085	149675	1410	92182	가자희망2080	109
경기도	4100	평택시	261021	149177	147085	2092	111844	가자희망2080	132
경기도	4100	동두천시	55724	31952	31341	611	23772	가자희망2080	36
경기도	4100	양주시	106866	60561	59526	1035	46305	가자희망2080	57
경기도	4100	안산시상록구	236731	130826	129518	1308	105905	가자희망2080	270
경기도	4100	안산시단원구	211274	114271	113024	1247	97003	가자희망2080	74
경기도	4100	고양시덕양구	273238	166184	164776	1408	107054	가자희망2080	80
경기도	4100	고양시일산구	333136	216348	214938	1410	116788	가자희망2080	132
경기도	4100	과천시	48892	34016	33785	231	14876	가자희망2080	18
경기도	4100	의왕시	101900	65876	65363	513	36024	가자희망2080	33
경기도	4100	구리시	136469	83565	82760	805	52904	가자희망2080	41
경기도	4100	남양주시	288781	166631	164673	1958	122150	가자희망2080	162
경기도	4100	오산시	82237	45794	45211	583	36443	가자희망2080	28
경기도	4100	화성시	176242	96774	95446	1328	79468	가자희망2080	152
경기도	4100	시흥시	250493	137279	135984	1295	113214	가자희망2080	89
경기도	4100	군포시	192874	124724	123784	940	68150	가자희망2080	73
경기도	4100	하남시	96080	57107	56476	631	38973	가자희망2080	113
경기도	4100	파주시	175232	101614	100053	1561	73618	가자희망2080	237
경기도	4100	이천시	133983	73024	71894	1130	60959	가자희망2080	92
경기도	4100	용인시	420597	259598	257397	2201	160999	가자희망2080	366
경기도	4100	안성시	111888	66397	65075	1322	45491	가자희망2080	64
경기도	4100	김포시	147876	91602	90597	1005	56274	가자희망2080	77
경기도	4100	여주군	77092	45460	44430	1030	31632	가자희망2080	33
경기도	4100	광주시	141745	84826	83706	1120	56919	가자희망2080	61
경기도	4100	포천시	108882	60899	59604	1295	47983	가자희망2080	64
경기도	4100	연천군	38504	23932	23265	667	14572	가자희망2080	45
경기도	4100	양평군	64872	41517	40406	1111	23355	가자희망2080	47
경기도	4100	가평군	42270	26189	25503	686	16081	가자희망2080	27
경기도	4100	수원시장안구	199510	123667	122625	1042	75843	공화당	69
경기도	4100	수원시권선구	198572	113997	113012	985	84575	공화당	77
경기도	4100	수원시팔달구	161109	91129	90234	895	69980	공화당	72
경기도	4100	수원시영통구	161126	102136	101571	565	58990	공화당	64
경기도	4100	성남시수정구	199098	108926	107860	1066	90172	공화당	385
경기도	4100	성남시중원구	203254	110013	108670	1343	93241	공화당	84
경기도	4100	성남시분당구	305763	207841	206697	1144	97922	공화당	70
경기도	4100	의정부시	284634	166141	164514	1627	118493	공화당	108
경기도	4100	안양시만안구	195214	115634	114564	1070	79580	공화당	122
경기도	4100	안양시동안구	245166	164383	163237	1146	80783	공화당	71
경기도	4100	부천시원미구	312985	188520	187062	1458	124465	공화당	94
경기도	4100	부천시소사구	157411	96152	95110	1042	61259	공화당	62
경기도	4100	부천시오정구	134043	72754	71868	886	61289	공화당	48
경기도	4100	광명시	243267	151085	149675	1410	92182	공화당	77
경기도	4100	평택시	261021	149177	147085	2092	111844	공화당	141
경기도	4100	동두천시	55724	31952	31341	611	23772	공화당	32
경기도	4100	양주시	106866	60561	59526	1035	46305	공화당	49
경기도	4100	안산시상록구	236731	130826	129518	1308	105905	공화당	77
경기도	4100	안산시단원구	211274	114271	113024	1247	97003	공화당	60
경기도	4100	고양시덕양구	273238	166184	164776	1408	107054	공화당	80
경기도	4100	고양시일산구	333136	216348	214938	1410	116788	공화당	89
경기도	4100	과천시	48892	34016	33785	231	14876	공화당	17
경기도	4100	의왕시	101900	65876	65363	513	36024	공화당	40
경기도	4100	구리시	136469	83565	82760	805	52904	공화당	40
경기도	4100	남양주시	288781	166631	164673	1958	122150	공화당	148
경기도	4100	오산시	82237	45794	45211	583	36443	공화당	28
경기도	4100	화성시	176242	96774	95446	1328	79468	공화당	124
경기도	4100	시흥시	250493	137279	135984	1295	113214	공화당	78
경기도	4100	군포시	192874	124724	123784	940	68150	공화당	57
경기도	4100	하남시	96080	57107	56476	631	38973	공화당	42
경기도	4100	파주시	175232	101614	100053	1561	73618	공화당	463
경기도	4100	이천시	133983	73024	71894	1130	60959	공화당	76
경기도	4100	용인시	420597	259598	257397	2201	160999	공화당	161
경기도	4100	안성시	111888	66397	65075	1322	45491	공화당	83
경기도	4100	김포시	147876	91602	90597	1005	56274	공화당	304
경기도	4100	여주군	77092	45460	44430	1030	31632	공화당	36
경기도	4100	광주시	141745	84826	83706	1120	56919	공화당	59
경기도	4100	포천시	108882	60899	59604	1295	47983	공화당	81
경기도	4100	연천군	38504	23932	23265	667	14572	공화당	40
경기도	4100	양평군	64872	41517	40406	1111	23355	공화당	51
경기도	4100	가평군	42270	26189	25503	686	16081	공화당	39
경기도	4100	수원시장안구	199510	123667	122625	1042	75843	구국총연합	24
경기도	4100	수원시권선구	198572	113997	113012	985	84575	구국총연합	19
경기도	4100	수원시팔달구	161109	91129	90234	895	69980	구국총연합	17
경기도	4100	수원시영통구	161126	102136	101571	565	58990	구국총연합	9
경기도	4100	성남시수정구	199098	108926	107860	1066	90172	구국총연합	92
경기도	4100	성남시중원구	203254	110013	108670	1343	93241	구국총연합	34
경기도	4100	성남시분당구	305763	207841	206697	1144	97922	구국총연합	27
경기도	4100	의정부시	284634	166141	164514	1627	118493	구국총연합	29
경기도	4100	안양시만안구	195214	115634	114564	1070	79580	구국총연합	36
경기도	4100	안양시동안구	245166	164383	163237	1146	80783	구국총연합	22
경기도	4100	부천시원미구	312985	188520	187062	1458	124465	구국총연합	28
경기도	4100	부천시소사구	157411	96152	95110	1042	61259	구국총연합	16
경기도	4100	부천시오정구	134043	72754	71868	886	61289	구국총연합	7
경기도	4100	광명시	243267	151085	149675	1410	92182	구국총연합	26
경기도	4100	평택시	261021	149177	147085	2092	111844	구국총연합	51
경기도	4100	동두천시	55724	31952	31341	611	23772	구국총연합	9
경기도	4100	양주시	106866	60561	59526	1035	46305	구국총연합	12
경기도	4100	안산시상록구	236731	130826	129518	1308	105905	구국총연합	28
경기도	4100	안산시단원구	211274	114271	113024	1247	97003	구국총연합	30
경기도	4100	고양시덕양구	273238	166184	164776	1408	107054	구국총연합	28
경기도	4100	고양시일산구	333136	216348	214938	1410	116788	구국총연합	25
경기도	4100	과천시	48892	34016	33785	231	14876	구국총연합	4
경기도	4100	의왕시	101900	65876	65363	513	36024	구국총연합	12
경기도	4100	구리시	136469	83565	82760	805	52904	구국총연합	13
경기도	4100	남양주시	288781	166631	164673	1958	122150	구국총연합	55
경기도	4100	오산시	82237	45794	45211	583	36443	구국총연합	16
경기도	4100	화성시	176242	96774	95446	1328	79468	구국총연합	40
경기도	4100	시흥시	250493	137279	135984	1295	113214	구국총연합	20
경기도	4100	군포시	192874	124724	123784	940	68150	구국총연합	17
경기도	4100	하남시	96080	57107	56476	631	38973	구국총연합	14
경기도	4100	파주시	175232	101614	100053	1561	73618	구국총연합	38
경기도	4100	이천시	133983	73024	71894	1130	60959	구국총연합	30
경기도	4100	용인시	420597	259598	257397	2201	160999	구국총연합	54
경기도	4100	안성시	111888	66397	65075	1322	45491	구국총연합	44
경기도	4100	김포시	147876	91602	90597	1005	56274	구국총연합	73
경기도	4100	여주군	77092	45460	44430	1030	31632	구국총연합	19
경기도	4100	광주시	141745	84826	83706	1120	56919	구국총연합	17
경기도	4100	포천시	108882	60899	59604	1295	47983	구국총연합	43
경기도	4100	연천군	38504	23932	23265	667	14572	구국총연합	23
경기도	4100	양평군	64872	41517	40406	1111	23355	구국총연합	24
경기도	4100	가평군	42270	26189	25503	686	16081	구국총연합	23
경기도	4100	수원시장안구	199510	123667	122625	1042	75843	기독당	1262
경기도	4100	수원시권선구	198572	113997	113012	985	84575	기독당	1178
경기도	4100	수원시팔달구	161109	91129	90234	895	69980	기독당	924
경기도	4100	수원시영통구	161126	102136	101571	565	58990	기독당	945
경기도	4100	성남시수정구	199098	108926	107860	1066	90172	기독당	1328
경기도	4100	성남시중원구	203254	110013	108670	1343	93241	기독당	1469
경기도	4100	성남시분당구	305763	207841	206697	1144	97922	기독당	2106
경기도	4100	의정부시	284634	166141	164514	1627	118493	기독당	1865
경기도	4100	안양시만안구	195214	115634	114564	1070	79580	기독당	1475
경기도	4100	안양시동안구	245166	164383	163237	1146	80783	기독당	2010
경기도	4100	부천시원미구	312985	188520	187062	1458	124465	기독당	2342
경기도	4100	부천시소사구	157411	96152	95110	1042	61259	기독당	1208
경기도	4100	부천시오정구	134043	72754	71868	886	61289	기독당	1346
경기도	4100	광명시	243267	151085	149675	1410	92182	기독당	2523
경기도	4100	평택시	261021	149177	147085	2092	111844	기독당	1579
경기도	4100	동두천시	55724	31952	31341	611	23772	기독당	294
경기도	4100	양주시	106866	60561	59526	1035	46305	기독당	811
경기도	4100	안산시상록구	236731	130826	129518	1308	105905	기독당	1694
경기도	4100	안산시단원구	211274	114271	113024	1247	97003	기독당	1282
경기도	4100	고양시덕양구	273238	166184	164776	1408	107054	기독당	2547
경기도	4100	고양시일산구	333136	216348	214938	1410	116788	기독당	2688
경기도	4100	과천시	48892	34016	33785	231	14876	기독당	385
경기도	4100	의왕시	101900	65876	65363	513	36024	기독당	792
경기도	4100	구리시	136469	83565	82760	805	52904	기독당	1034
경기도	4100	남양주시	288781	166631	164673	1958	122150	기독당	2376
경기도	4100	오산시	82237	45794	45211	583	36443	기독당	570
경기도	4100	화성시	176242	96774	95446	1328	79468	기독당	1117
경기도	4100	시흥시	250493	137279	135984	1295	113214	기독당	2301
경기도	4100	군포시	192874	124724	123784	940	68150	기독당	1851
경기도	4100	하남시	96080	57107	56476	631	38973	기독당	800
경기도	4100	파주시	175232	101614	100053	1561	73618	기독당	1444
경기도	4100	이천시	133983	73024	71894	1130	60959	기독당	951
경기도	4100	용인시	420597	259598	257397	2201	160999	기독당	3331
경기도	4100	안성시	111888	66397	65075	1322	45491	기독당	751
경기도	4100	김포시	147876	91602	90597	1005	56274	기독당	1072
경기도	4100	여주군	77092	45460	44430	1030	31632	기독당	540
경기도	4100	광주시	141745	84826	83706	1120	56919	기독당	1166
경기도	4100	포천시	108882	60899	59604	1295	47983	기독당	761
경기도	4100	연천군	38504	23932	23265	667	14572	기독당	247
경기도	4100	양평군	64872	41517	40406	1111	23355	기독당	401
경기도	4100	가평군	42270	26189	25503	686	16081	기독당	292
경기도	4100	수원시장안구	199510	123667	122625	1042	75843	노년권익보호당	173
경기도	4100	수원시권선구	198572	113997	113012	985	84575	노년권익보호당	167
경기도	4100	수원시팔달구	161109	91129	90234	895	69980	노년권익보호당	155
경기도	4100	수원시영통구	161126	102136	101571	565	58990	노년권익보호당	99
경기도	4100	성남시수정구	199098	108926	107860	1066	90172	노년권익보호당	138
경기도	4100	성남시중원구	203254	110013	108670	1343	93241	노년권익보호당	191
경기도	4100	성남시분당구	305763	207841	206697	1144	97922	노년권익보호당	323
경기도	4100	의정부시	284634	166141	164514	1627	118493	노년권익보호당	254
경기도	4100	안양시만안구	195214	115634	114564	1070	79580	노년권익보호당	151
경기도	4100	안양시동안구	245166	164383	163237	1146	80783	노년권익보호당	220
경기도	4100	부천시원미구	312985	188520	187062	1458	124465	노년권익보호당	265
경기도	4100	부천시소사구	157411	96152	95110	1042	61259	노년권익보호당	186
경기도	4100	부천시오정구	134043	72754	71868	886	61289	노년권익보호당	108
경기도	4100	광명시	243267	151085	149675	1410	92182	노년권익보호당	227
경기도	4100	평택시	261021	149177	147085	2092	111844	노년권익보호당	278
경기도	4100	동두천시	55724	31952	31341	611	23772	노년권익보호당	63
경기도	4100	양주시	106866	60561	59526	1035	46305	노년권익보호당	150
경기도	4100	안산시상록구	236731	130826	129518	1308	105905	노년권익보호당	209
경기도	4100	안산시단원구	211274	114271	113024	1247	97003	노년권익보호당	187
경기도	4100	고양시덕양구	273238	166184	164776	1408	107054	노년권익보호당	255
경기도	4100	고양시일산구	333136	216348	214938	1410	116788	노년권익보호당	331
경기도	4100	과천시	48892	34016	33785	231	14876	노년권익보호당	53
경기도	4100	의왕시	101900	65876	65363	513	36024	노년권익보호당	113
경기도	4100	구리시	136469	83565	82760	805	52904	노년권익보호당	120
경기도	4100	남양주시	288781	166631	164673	1958	122150	노년권익보호당	299
경기도	4100	오산시	82237	45794	45211	583	36443	노년권익보호당	88
경기도	4100	화성시	176242	96774	95446	1328	79468	노년권익보호당	174
경기도	4100	시흥시	250493	137279	135984	1295	113214	노년권익보호당	195
경기도	4100	군포시	192874	124724	123784	940	68150	노년권익보호당	191
경기도	4100	하남시	96080	57107	56476	631	38973	노년권익보호당	115
경기도	4100	파주시	175232	101614	100053	1561	73618	노년권익보호당	172
경기도	4100	이천시	133983	73024	71894	1130	60959	노년권익보호당	116
경기도	4100	용인시	420597	259598	257397	2201	160999	노년권익보호당	423
경기도	4100	안성시	111888	66397	65075	1322	45491	노년권익보호당	153
경기도	4100	김포시	147876	91602	90597	1005	56274	노년권익보호당	166
경기도	4100	여주군	77092	45460	44430	1030	31632	노년권익보호당	103
경기도	4100	광주시	141745	84826	83706	1120	56919	노년권익보호당	154
경기도	4100	포천시	108882	60899	59604	1295	47983	노년권익보호당	120
경기도	4100	연천군	38504	23932	23265	667	14572	노년권익보호당	61
경기도	4100	양평군	64872	41517	40406	1111	23355	노년권익보호당	98
경기도	4100	가평군	42270	26189	25503	686	16081	노년권익보호당	72
경기도	4100	수원시장안구	199510	123667	122625	1042	75843	녹색사민당	588
경기도	4100	수원시권선구	198572	113997	113012	985	84575	녹색사민당	507
경기도	4100	수원시팔달구	161109	91129	90234	895	69980	녹색사민당	480
경기도	4100	수원시영통구	161126	102136	101571	565	58990	녹색사민당	465
경기도	4100	성남시수정구	199098	108926	107860	1066	90172	녹색사민당	464
경기도	4100	성남시중원구	203254	110013	108670	1343	93241	녹색사민당	595
경기도	4100	성남시분당구	305763	207841	206697	1144	97922	녹색사민당	532
경기도	4100	의정부시	284634	166141	164514	1627	118493	녹색사민당	679
경기도	4100	안양시만안구	195214	115634	114564	1070	79580	녹색사민당	518
경기도	4100	안양시동안구	245166	164383	163237	1146	80783	녹색사민당	607
경기도	4100	부천시원미구	312985	188520	187062	1458	124465	녹색사민당	598
경기도	4100	부천시소사구	157411	96152	95110	1042	61259	녹색사민당	334
경기도	4100	부천시오정구	134043	72754	71868	886	61289	녹색사민당	260
경기도	4100	광명시	243267	151085	149675	1410	92182	녹색사민당	517
경기도	4100	평택시	261021	149177	147085	2092	111844	녹색사민당	1204
경기도	4100	동두천시	55724	31952	31341	611	23772	녹색사민당	155
경기도	4100	양주시	106866	60561	59526	1035	46305	녹색사민당	213
경기도	4100	안산시상록구	236731	130826	129518	1308	105905	녹색사민당	857
경기도	4100	안산시단원구	211274	114271	113024	1247	97003	녹색사민당	922
경기도	4100	고양시덕양구	273238	166184	164776	1408	107054	녹색사민당	541
경기도	4100	고양시일산구	333136	216348	214938	1410	116788	녹색사민당	590
경기도	4100	과천시	48892	34016	33785	231	14876	녹색사민당	106
경기도	4100	의왕시	101900	65876	65363	513	36024	녹색사민당	292
경기도	4100	구리시	136469	83565	82760	805	52904	녹색사민당	217
경기도	4100	남양주시	288781	166631	164673	1958	122150	녹색사민당	613
경기도	4100	오산시	82237	45794	45211	583	36443	녹색사민당	410
경기도	4100	화성시	176242	96774	95446	1328	79468	녹색사민당	460
경기도	4100	시흥시	250493	137279	135984	1295	113214	녹색사민당	588
경기도	4100	군포시	192874	124724	123784	940	68150	녹색사민당	736
경기도	4100	하남시	96080	57107	56476	631	38973	녹색사민당	273
경기도	4100	파주시	175232	101614	100053	1561	73618	녹색사민당	447
경기도	4100	이천시	133983	73024	71894	1130	60959	녹색사민당	1589
경기도	4100	용인시	420597	259598	257397	2201	160999	녹색사민당	926
경기도	4100	안성시	111888	66397	65075	1322	45491	녹색사민당	529
경기도	4100	김포시	147876	91602	90597	1005	56274	녹색사민당	412
경기도	4100	여주군	77092	45460	44430	1030	31632	녹색사민당	421
경기도	4100	광주시	141745	84826	83706	1120	56919	녹색사민당	330
경기도	4100	포천시	108882	60899	59604	1295	47983	녹색사민당	218
경기도	4100	연천군	38504	23932	23265	667	14572	녹색사민당	86
경기도	4100	양평군	64872	41517	40406	1111	23355	녹색사민당	126
경기도	4100	가평군	42270	26189	25503	686	16081	녹색사민당	108
경기도	4100	수원시장안구	199510	123667	122625	1042	75843	민주노동당	20157
경기도	4100	수원시권선구	198572	113997	113012	985	84575	민주노동당	16359
경기도	4100	수원시팔달구	161109	91129	90234	895	69980	민주노동당	11804
경기도	4100	수원시영통구	161126	102136	101571	565	58990	민주노동당	16320
경기도	4100	성남시수정구	199098	108926	107860	1066	90172	민주노동당	15715
경기도	4100	성남시중원구	203254	110013	108670	1343	93241	민주노동당	17396
경기도	4100	성남시분당구	305763	207841	206697	1144	97922	민주노동당	22662
경기도	4100	의정부시	284634	166141	164514	1627	118493	민주노동당	22188
경기도	4100	안양시만안구	195214	115634	114564	1070	79580	민주노동당	15799
경기도	4100	안양시동안구	245166	164383	163237	1146	80783	민주노동당	23402
경기도	4100	부천시원미구	312985	188520	187062	1458	124465	민주노동당	26593
경기도	4100	부천시소사구	157411	96152	95110	1042	61259	민주노동당	12251
경기도	4100	부천시오정구	134043	72754	71868	886	61289	민주노동당	9127
경기도	4100	광명시	243267	151085	149675	1410	92182	민주노동당	20995
경기도	4100	평택시	261021	149177	147085	2092	111844	민주노동당	24585
경기도	4100	동두천시	55724	31952	31341	611	23772	민주노동당	3338
경기도	4100	양주시	106866	60561	59526	1035	46305	민주노동당	6630
경기도	4100	안산시상록구	236731	130826	129518	1308	105905	민주노동당	18426
경기도	4100	안산시단원구	211274	114271	113024	1247	97003	민주노동당	16503
경기도	4100	고양시덕양구	273238	166184	164776	1408	107054	민주노동당	24083
경기도	4100	고양시일산구	333136	216348	214938	1410	116788	민주노동당	30336
경기도	4100	과천시	48892	34016	33785	231	14876	민주노동당	5384
경기도	4100	의왕시	101900	65876	65363	513	36024	민주노동당	9597
경기도	4100	구리시	136469	83565	82760	805	52904	민주노동당	11734
경기도	4100	남양주시	288781	166631	164673	1958	122150	민주노동당	20319
경기도	4100	오산시	82237	45794	45211	583	36443	민주노동당	6794
경기도	4100	화성시	176242	96774	95446	1328	79468	민주노동당	13736
경기도	4100	시흥시	250493	137279	135984	1295	113214	민주노동당	18664
경기도	4100	군포시	192874	124724	123784	940	68150	민주노동당	20915
경기도	4100	하남시	96080	57107	56476	631	38973	민주노동당	6174
경기도	4100	파주시	175232	101614	100053	1561	73618	민주노동당	10778
경기도	4100	이천시	133983	73024	71894	1130	60959	민주노동당	8594
경기도	4100	용인시	420597	259598	257397	2201	160999	민주노동당	29939
경기도	4100	안성시	111888	66397	65075	1322	45491	민주노동당	8903
경기도	4100	김포시	147876	91602	90597	1005	56274	민주노동당	10457
경기도	4100	여주군	77092	45460	44430	1030	31632	민주노동당	4982
경기도	4100	광주시	141745	84826	83706	1120	56919	민주노동당	9240
경기도	4100	포천시	108882	60899	59604	1295	47983	민주노동당	5775
경기도	4100	연천군	38504	23932	23265	667	14572	민주노동당	2086
경기도	4100	양평군	64872	41517	40406	1111	23355	민주노동당	3448
경기도	4100	가평군	42270	26189	25503	686	16081	민주노동당	2328
경기도	4100	수원시장안구	199510	123667	122625	1042	75843	민주화합당	119
경기도	4100	수원시권선구	198572	113997	113012	985	84575	민주화합당	102
경기도	4100	수원시팔달구	161109	91129	90234	895	69980	민주화합당	81
경기도	4100	수원시영통구	161126	102136	101571	565	58990	민주화합당	41
경기도	4100	성남시수정구	199098	108926	107860	1066	90172	민주화합당	126
경기도	4100	성남시중원구	203254	110013	108670	1343	93241	민주화합당	155
경기도	4100	성남시분당구	305763	207841	206697	1144	97922	민주화합당	86
경기도	4100	의정부시	284634	166141	164514	1627	118493	민주화합당	172
경기도	4100	안양시만안구	195214	115634	114564	1070	79580	민주화합당	86
경기도	4100	안양시동안구	245166	164383	163237	1146	80783	민주화합당	114
경기도	4100	부천시원미구	312985	188520	187062	1458	124465	민주화합당	160
경기도	4100	부천시소사구	157411	96152	95110	1042	61259	민주화합당	95
경기도	4100	부천시오정구	134043	72754	71868	886	61289	민주화합당	105
경기도	4100	광명시	243267	151085	149675	1410	92182	민주화합당	144
경기도	4100	평택시	261021	149177	147085	2092	111844	민주화합당	233
경기도	4100	동두천시	55724	31952	31341	611	23772	민주화합당	62
경기도	4100	양주시	106866	60561	59526	1035	46305	민주화합당	86
경기도	4100	안산시상록구	236731	130826	129518	1308	105905	민주화합당	155
경기도	4100	안산시단원구	211274	114271	113024	1247	97003	민주화합당	110
경기도	4100	고양시덕양구	273238	166184	164776	1408	107054	민주화합당	170
경기도	4100	고양시일산구	333136	216348	214938	1410	116788	민주화합당	142
경기도	4100	과천시	48892	34016	33785	231	14876	민주화합당	18
경기도	4100	의왕시	101900	65876	65363	513	36024	민주화합당	55
경기도	4100	구리시	136469	83565	82760	805	52904	민주화합당	85
경기도	4100	남양주시	288781	166631	164673	1958	122150	민주화합당	216
경기도	4100	오산시	82237	45794	45211	583	36443	민주화합당	68
경기도	4100	화성시	176242	96774	95446	1328	79468	민주화합당	147
경기도	4100	시흥시	250493	137279	135984	1295	113214	민주화합당	133
경기도	4100	군포시	192874	124724	123784	940	68150	민주화합당	111
경기도	4100	하남시	96080	57107	56476	631	38973	민주화합당	59
경기도	4100	파주시	175232	101614	100053	1561	73618	민주화합당	161
경기도	4100	이천시	133983	73024	71894	1130	60959	민주화합당	133
경기도	4100	용인시	420597	259598	257397	2201	160999	민주화합당	225
경기도	4100	안성시	111888	66397	65075	1322	45491	민주화합당	155
경기도	4100	김포시	147876	91602	90597	1005	56274	민주화합당	91
경기도	4100	여주군	77092	45460	44430	1030	31632	민주화합당	98
경기도	4100	광주시	141745	84826	83706	1120	56919	민주화합당	87
경기도	4100	포천시	108882	60899	59604	1295	47983	민주화합당	141
경기도	4100	연천군	38504	23932	23265	667	14572	민주화합당	94
경기도	4100	양평군	64872	41517	40406	1111	23355	민주화합당	106
경기도	4100	가평군	42270	26189	25503	686	16081	민주화합당	81
경기도	4100	수원시장안구	199510	123667	122625	1042	75843	사회당	137
경기도	4100	수원시권선구	198572	113997	113012	985	84575	사회당	124
경기도	4100	수원시팔달구	161109	91129	90234	895	69980	사회당	106
경기도	4100	수원시영통구	161126	102136	101571	565	58990	사회당	87
경기도	4100	성남시수정구	199098	108926	107860	1066	90172	사회당	125
경기도	4100	성남시중원구	203254	110013	108670	1343	93241	사회당	156
경기도	4100	성남시분당구	305763	207841	206697	1144	97922	사회당	122
경기도	4100	의정부시	284634	166141	164514	1627	118493	사회당	146
경기도	4100	안양시만안구	195214	115634	114564	1070	79580	사회당	289
경기도	4100	안양시동안구	245166	164383	163237	1146	80783	사회당	163
경기도	4100	부천시원미구	312985	188520	187062	1458	124465	사회당	198
경기도	4100	부천시소사구	157411	96152	95110	1042	61259	사회당	109
경기도	4100	부천시오정구	134043	72754	71868	886	61289	사회당	78
경기도	4100	광명시	243267	151085	149675	1410	92182	사회당	168
경기도	4100	평택시	261021	149177	147085	2092	111844	사회당	265
경기도	4100	동두천시	55724	31952	31341	611	23772	사회당	87
경기도	4100	양주시	106866	60561	59526	1035	46305	사회당	113
경기도	4100	안산시상록구	236731	130826	129518	1308	105905	사회당	134
경기도	4100	안산시단원구	211274	114271	113024	1247	97003	사회당	135
경기도	4100	고양시덕양구	273238	166184	164776	1408	107054	사회당	159
경기도	4100	고양시일산구	333136	216348	214938	1410	116788	사회당	182
경기도	4100	과천시	48892	34016	33785	231	14876	사회당	43
경기도	4100	의왕시	101900	65876	65363	513	36024	사회당	74
경기도	4100	구리시	136469	83565	82760	805	52904	사회당	108
경기도	4100	남양주시	288781	166631	164673	1958	122150	사회당	270
경기도	4100	오산시	82237	45794	45211	583	36443	사회당	66
경기도	4100	화성시	176242	96774	95446	1328	79468	사회당	202
경기도	4100	시흥시	250493	137279	135984	1295	113214	사회당	160
경기도	4100	군포시	192874	124724	123784	940	68150	사회당	138
경기도	4100	하남시	96080	57107	56476	631	38973	사회당	73
경기도	4100	파주시	175232	101614	100053	1561	73618	사회당	215
경기도	4100	이천시	133983	73024	71894	1130	60959	사회당	125
경기도	4100	용인시	420597	259598	257397	2201	160999	사회당	302
경기도	4100	안성시	111888	66397	65075	1322	45491	사회당	161
경기도	4100	김포시	147876	91602	90597	1005	56274	사회당	125
경기도	4100	여주군	77092	45460	44430	1030	31632	사회당	137
경기도	4100	광주시	141745	84826	83706	1120	56919	사회당	125
경기도	4100	포천시	108882	60899	59604	1295	47983	사회당	161
경기도	4100	연천군	38504	23932	23265	667	14572	사회당	113
경기도	4100	양평군	64872	41517	40406	1111	23355	사회당	180
경기도	4100	가평군	42270	26189	25503	686	16081	사회당	119
강원도	4200	춘천시	185716	112501	110760	1741	73215	한나라당	44257
강원도	4200	원주시	201799	118634	116854	1780	83165	한나라당	43250
강원도	4200	강릉시	169603	97597	95972	1625	72006	한나라당	45190
강원도	4200	동해시	74762	43724	42901	823	31038	한나라당	20164
강원도	4200	삼척시	57995	35189	34251	938	22806	한나라당	15889
강원도	4200	태백시	41280	23018	22615	403	18262	한나라당	9832
강원도	4200	정선군	36286	20904	20290	614	15382	한나라당	8065
강원도	4200	속초시	64113	35741	35122	619	28372	한나라당	14769
강원도	4200	고성군	25487	15804	15355	449	9683	한나라당	6501
강원도	4200	양양군	23101	14802	14242	560	8299	한나라당	5858
강원도	4200	인제군	23925	15311	14810	501	8614	한나라당	5087
강원도	4200	홍천군	53846	35108	34047	1061	18738	한나라당	12313
강원도	4200	횡성군	34699	21773	21109	664	12926	한나라당	7078
강원도	4200	영월군	34135	20766	20282	484	13369	한나라당	8263
강원도	4200	평창군	35686	20372	19877	495	15314	한나라당	7639
강원도	4200	화천군	18506	12085	11693	392	6421	한나라당	4100
강원도	4200	양구군	16246	10356	10032	324	5890	한나라당	3146
강원도	4200	철원군	37370	23687	23015	672	13683	한나라당	8132
강원도	4200	춘천시	185716	112501	110760	1741	73215	새천년민주당	2346
강원도	4200	원주시	201799	118634	116854	1780	83165	새천년민주당	2491
강원도	4200	강릉시	169603	97597	95972	1625	72006	새천년민주당	2961
강원도	4200	동해시	74762	43724	42901	823	31038	새천년민주당	726
강원도	4200	삼척시	57995	35189	34251	938	22806	새천년민주당	649
강원도	4200	태백시	41280	23018	22615	403	18262	새천년민주당	389
강원도	4200	정선군	36286	20904	20290	614	15382	새천년민주당	541
강원도	4200	속초시	64113	35741	35122	619	28372	새천년민주당	2078
강원도	4200	고성군	25487	15804	15355	449	9683	새천년민주당	1361
강원도	4200	양양군	23101	14802	14242	560	8299	새천년민주당	850
강원도	4200	인제군	23925	15311	14810	501	8614	새천년민주당	796
강원도	4200	홍천군	53846	35108	34047	1061	18738	새천년민주당	1183
강원도	4200	횡성군	34699	21773	21109	664	12926	새천년민주당	1648
강원도	4200	영월군	34135	20766	20282	484	13369	새천년민주당	480
강원도	4200	평창군	35686	20372	19877	495	15314	새천년민주당	444
강원도	4200	화천군	18506	12085	11693	392	6421	새천년민주당	1118
강원도	4200	양구군	16246	10356	10032	324	5890	새천년민주당	944
강원도	4200	철원군	37370	23687	23015	672	13683	새천년민주당	2217
강원도	4200	춘천시	185716	112501	110760	1741	73215	열린우리당	42927
강원도	4200	원주시	201799	118634	116854	1780	83165	열린우리당	47285
강원도	4200	강릉시	169603	97597	95972	1625	72006	열린우리당	32778
강원도	4200	동해시	74762	43724	42901	823	31038	열린우리당	14338
강원도	4200	삼척시	57995	35189	34251	938	22806	열린우리당	11925
강원도	4200	태백시	41280	23018	22615	403	18262	열린우리당	7960
강원도	4200	정선군	36286	20904	20290	614	15382	열린우리당	8292
강원도	4200	속초시	64113	35741	35122	619	28372	열린우리당	13148
강원도	4200	고성군	25487	15804	15355	449	9683	열린우리당	5500
강원도	4200	양양군	23101	14802	14242	560	8299	열린우리당	5354
강원도	4200	인제군	23925	15311	14810	501	8614	열린우리당	6698
강원도	4200	홍천군	53846	35108	34047	1061	18738	열린우리당	15076
강원도	4200	횡성군	34699	21773	21109	664	12926	열린우리당	8258
강원도	4200	영월군	34135	20766	20282	484	13369	열린우리당	8151
강원도	4200	평창군	35686	20372	19877	495	15314	열린우리당	8355
강원도	4200	화천군	18506	12085	11693	392	6421	열린우리당	4497
강원도	4200	양구군	16246	10356	10032	324	5890	열린우리당	4150
강원도	4200	철원군	37370	23687	23015	672	13683	열린우리당	8230
강원도	4200	춘천시	185716	112501	110760	1741	73215	자민련	1404
강원도	4200	원주시	201799	118634	116854	1780	83165	자민련	1625
강원도	4200	강릉시	169603	97597	95972	1625	72006	자민련	1073
강원도	4200	동해시	74762	43724	42901	823	31038	자민련	489
강원도	4200	삼척시	57995	35189	34251	938	22806	자민련	493
강원도	4200	태백시	41280	23018	22615	403	18262	자민련	194
강원도	4200	정선군	36286	20904	20290	614	15382	자민련	295
강원도	4200	속초시	64113	35741	35122	619	28372	자민련	487
강원도	4200	고성군	25487	15804	15355	449	9683	자민련	272
강원도	4200	양양군	23101	14802	14242	560	8299	자민련	238
강원도	4200	인제군	23925	15311	14810	501	8614	자민련	187
강원도	4200	홍천군	53846	35108	34047	1061	18738	자민련	507
강원도	4200	횡성군	34699	21773	21109	664	12926	자민련	302
강원도	4200	영월군	34135	20766	20282	484	13369	자민련	301
강원도	4200	평창군	35686	20372	19877	495	15314	자민련	284
강원도	4200	화천군	18506	12085	11693	392	6421	자민련	180
강원도	4200	양구군	16246	10356	10032	324	5890	자민련	161
강원도	4200	철원군	37370	23687	23015	672	13683	자민련	362
강원도	4200	춘천시	185716	112501	110760	1741	73215	국민통합21	729
강원도	4200	원주시	201799	118634	116854	1780	83165	국민통합21	750
강원도	4200	강릉시	169603	97597	95972	1625	72006	국민통합21	579
강원도	4200	동해시	74762	43724	42901	823	31038	국민통합21	214
강원도	4200	삼척시	57995	35189	34251	938	22806	국민통합21	268
강원도	4200	태백시	41280	23018	22615	403	18262	국민통합21	323
강원도	4200	정선군	36286	20904	20290	614	15382	국민통합21	177
강원도	4200	속초시	64113	35741	35122	619	28372	국민통합21	187
강원도	4200	고성군	25487	15804	15355	449	9683	국민통합21	112
강원도	4200	양양군	23101	14802	14242	560	8299	국민통합21	219
강원도	4200	인제군	23925	15311	14810	501	8614	국민통합21	73
강원도	4200	홍천군	53846	35108	34047	1061	18738	국민통합21	220
강원도	4200	횡성군	34699	21773	21109	664	12926	국민통합21	243
강원도	4200	영월군	34135	20766	20282	484	13369	국민통합21	165
강원도	4200	평창군	35686	20372	19877	495	15314	국민통합21	192
강원도	4200	화천군	18506	12085	11693	392	6421	국민통합21	60
강원도	4200	양구군	16246	10356	10032	324	5890	국민통합21	52
강원도	4200	철원군	37370	23687	23015	672	13683	국민통합21	147
강원도	4200	춘천시	185716	112501	110760	1741	73215	가자희망2080	110
강원도	4200	원주시	201799	118634	116854	1780	83165	가자희망2080	152
강원도	4200	강릉시	169603	97597	95972	1625	72006	가자희망2080	105
강원도	4200	동해시	74762	43724	42901	823	31038	가자희망2080	37
강원도	4200	삼척시	57995	35189	34251	938	22806	가자희망2080	43
강원도	4200	태백시	41280	23018	22615	403	18262	가자희망2080	33
강원도	4200	정선군	36286	20904	20290	614	15382	가자희망2080	47
강원도	4200	속초시	64113	35741	35122	619	28372	가자희망2080	32
강원도	4200	고성군	25487	15804	15355	449	9683	가자희망2080	13
강원도	4200	양양군	23101	14802	14242	560	8299	가자희망2080	25
강원도	4200	인제군	23925	15311	14810	501	8614	가자희망2080	15
강원도	4200	홍천군	53846	35108	34047	1061	18738	가자희망2080	50
강원도	4200	횡성군	34699	21773	21109	664	12926	가자희망2080	33
강원도	4200	영월군	34135	20766	20282	484	13369	가자희망2080	49
강원도	4200	평창군	35686	20372	19877	495	15314	가자희망2080	71
강원도	4200	화천군	18506	12085	11693	392	6421	가자희망2080	23
강원도	4200	양구군	16246	10356	10032	324	5890	가자희망2080	11
강원도	4200	철원군	37370	23687	23015	672	13683	가자희망2080	23
강원도	4200	춘천시	185716	112501	110760	1741	73215	공화당	160
강원도	4200	원주시	201799	118634	116854	1780	83165	공화당	202
강원도	4200	강릉시	169603	97597	95972	1625	72006	공화당	98
강원도	4200	동해시	74762	43724	42901	823	31038	공화당	49
강원도	4200	삼척시	57995	35189	34251	938	22806	공화당	57
강원도	4200	태백시	41280	23018	22615	403	18262	공화당	29
강원도	4200	정선군	36286	20904	20290	614	15382	공화당	34
강원도	4200	속초시	64113	35741	35122	619	28372	공화당	38
강원도	4200	고성군	25487	15804	15355	449	9683	공화당	28
강원도	4200	양양군	23101	14802	14242	560	8299	공화당	34
강원도	4200	인제군	23925	15311	14810	501	8614	공화당	24
강원도	4200	홍천군	53846	35108	34047	1061	18738	공화당	72
강원도	4200	횡성군	34699	21773	21109	664	12926	공화당	64
강원도	4200	영월군	34135	20766	20282	484	13369	공화당	47
강원도	4200	평창군	35686	20372	19877	495	15314	공화당	35
강원도	4200	화천군	18506	12085	11693	392	6421	공화당	20
강원도	4200	양구군	16246	10356	10032	324	5890	공화당	23
강원도	4200	철원군	37370	23687	23015	672	13683	공화당	38
강원도	4200	춘천시	185716	112501	110760	1741	73215	구국총연합	41
강원도	4200	원주시	201799	118634	116854	1780	83165	구국총연합	578
강원도	4200	강릉시	169603	97597	95972	1625	72006	구국총연합	33
강원도	4200	동해시	74762	43724	42901	823	31038	구국총연합	13
강원도	4200	삼척시	57995	35189	34251	938	22806	구국총연합	25
강원도	4200	태백시	41280	23018	22615	403	18262	구국총연합	15
강원도	4200	정선군	36286	20904	20290	614	15382	구국총연합	18
강원도	4200	속초시	64113	35741	35122	619	28372	구국총연합	11
강원도	4200	고성군	25487	15804	15355	449	9683	구국총연합	10
강원도	4200	양양군	23101	14802	14242	560	8299	구국총연합	17
강원도	4200	인제군	23925	15311	14810	501	8614	구국총연합	11
강원도	4200	홍천군	53846	35108	34047	1061	18738	구국총연합	27
강원도	4200	횡성군	34699	21773	21109	664	12926	구국총연합	20
강원도	4200	영월군	34135	20766	20282	484	13369	구국총연합	17
강원도	4200	평창군	35686	20372	19877	495	15314	구국총연합	26
강원도	4200	화천군	18506	12085	11693	392	6421	구국총연합	8
강원도	4200	양구군	16246	10356	10032	324	5890	구국총연합	9
강원도	4200	철원군	37370	23687	23015	672	13683	구국총연합	13
강원도	4200	춘천시	185716	112501	110760	1741	73215	기독당	1115
강원도	4200	원주시	201799	118634	116854	1780	83165	기독당	1136
강원도	4200	강릉시	169603	97597	95972	1625	72006	기독당	871
강원도	4200	동해시	74762	43724	42901	823	31038	기독당	360
강원도	4200	삼척시	57995	35189	34251	938	22806	기독당	286
강원도	4200	태백시	41280	23018	22615	403	18262	기독당	148
강원도	4200	정선군	36286	20904	20290	614	15382	기독당	121
강원도	4200	속초시	64113	35741	35122	619	28372	기독당	312
강원도	4200	고성군	25487	15804	15355	449	9683	기독당	111
강원도	4200	양양군	23101	14802	14242	560	8299	기독당	131
강원도	4200	인제군	23925	15311	14810	501	8614	기독당	160
강원도	4200	홍천군	53846	35108	34047	1061	18738	기독당	343
강원도	4200	횡성군	34699	21773	21109	664	12926	기독당	250
강원도	4200	영월군	34135	20766	20282	484	13369	기독당	207
강원도	4200	평창군	35686	20372	19877	495	15314	기독당	182
강원도	4200	화천군	18506	12085	11693	392	6421	기독당	129
강원도	4200	양구군	16246	10356	10032	324	5890	기독당	148
강원도	4200	철원군	37370	23687	23015	672	13683	기독당	241
강원도	4200	춘천시	185716	112501	110760	1741	73215	노년권익보호당	267
강원도	4200	원주시	201799	118634	116854	1780	83165	노년권익보호당	261
강원도	4200	강릉시	169603	97597	95972	1625	72006	노년권익보호당	243
강원도	4200	동해시	74762	43724	42901	823	31038	노년권익보호당	69
강원도	4200	삼척시	57995	35189	34251	938	22806	노년권익보호당	70
강원도	4200	태백시	41280	23018	22615	403	18262	노년권익보호당	46
강원도	4200	정선군	36286	20904	20290	614	15382	노년권익보호당	58
강원도	4200	속초시	64113	35741	35122	619	28372	노년권익보호당	72
강원도	4200	고성군	25487	15804	15355	449	9683	노년권익보호당	47
강원도	4200	양양군	23101	14802	14242	560	8299	노년권익보호당	36
강원도	4200	인제군	23925	15311	14810	501	8614	노년권익보호당	52
강원도	4200	홍천군	53846	35108	34047	1061	18738	노년권익보호당	89
강원도	4200	횡성군	34699	21773	21109	664	12926	노년권익보호당	60
강원도	4200	영월군	34135	20766	20282	484	13369	노년권익보호당	56
강원도	4200	평창군	35686	20372	19877	495	15314	노년권익보호당	56
강원도	4200	화천군	18506	12085	11693	392	6421	노년권익보호당	23
강원도	4200	양구군	16246	10356	10032	324	5890	노년권익보호당	37
강원도	4200	철원군	37370	23687	23015	672	13683	노년권익보호당	62
강원도	4200	춘천시	185716	112501	110760	1741	73215	녹색사민당	669
강원도	4200	원주시	201799	118634	116854	1780	83165	녹색사민당	560
강원도	4200	강릉시	169603	97597	95972	1625	72006	녹색사민당	693
강원도	4200	동해시	74762	43724	42901	823	31038	녹색사민당	421
강원도	4200	삼척시	57995	35189	34251	938	22806	녹색사민당	181
강원도	4200	태백시	41280	23018	22615	403	18262	녹색사민당	203
강원도	4200	정선군	36286	20904	20290	614	15382	녹색사민당	171
강원도	4200	속초시	64113	35741	35122	619	28372	녹색사민당	128
강원도	4200	고성군	25487	15804	15355	449	9683	녹색사민당	63
강원도	4200	양양군	23101	14802	14242	560	8299	녹색사민당	58
강원도	4200	인제군	23925	15311	14810	501	8614	녹색사민당	51
강원도	4200	홍천군	53846	35108	34047	1061	18738	녹색사민당	191
강원도	4200	횡성군	34699	21773	21109	664	12926	녹색사민당	117
강원도	4200	영월군	34135	20766	20282	484	13369	녹색사민당	132
강원도	4200	평창군	35686	20372	19877	495	15314	녹색사민당	127
강원도	4200	화천군	18506	12085	11693	392	6421	녹색사민당	44
강원도	4200	양구군	16246	10356	10032	324	5890	녹색사민당	65
강원도	4200	철원군	37370	23687	23015	672	13683	녹색사민당	85
강원도	4200	춘천시	185716	112501	110760	1741	73215	민주노동당	16268
강원도	4200	원주시	201799	118634	116854	1780	83165	민주노동당	17806
강원도	4200	강릉시	169603	97597	95972	1625	72006	민주노동당	10919
강원도	4200	동해시	74762	43724	42901	823	31038	민주노동당	5838
강원도	4200	삼척시	57995	35189	34251	938	22806	민주노동당	4020
강원도	4200	태백시	41280	23018	22615	403	18262	민주노동당	3335
강원도	4200	정선군	36286	20904	20290	614	15382	민주노동당	2262
강원도	4200	속초시	64113	35741	35122	619	28372	민주노동당	3739
강원도	4200	고성군	25487	15804	15355	449	9683	민주노동당	1214
강원도	4200	양양군	23101	14802	14242	560	8299	민주노동당	1291
강원도	4200	인제군	23925	15311	14810	501	8614	민주노동당	1475
강원도	4200	홍천군	53846	35108	34047	1061	18738	민주노동당	3726
강원도	4200	횡성군	34699	21773	21109	664	12926	민주노동당	2758
강원도	4200	영월군	34135	20766	20282	484	13369	민주노동당	2212
강원도	4200	평창군	35686	20372	19877	495	15314	민주노동당	2277
강원도	4200	화천군	18506	12085	11693	392	6421	민주노동당	1372
강원도	4200	양구군	16246	10356	10032	324	5890	민주노동당	1142
강원도	4200	철원군	37370	23687	23015	672	13683	민주노동당	3255
강원도	4200	춘천시	185716	112501	110760	1741	73215	민주화합당	178
강원도	4200	원주시	201799	118634	116854	1780	83165	민주화합당	229
강원도	4200	강릉시	169603	97597	95972	1625	72006	민주화합당	169
강원도	4200	동해시	74762	43724	42901	823	31038	민주화합당	62
강원도	4200	삼척시	57995	35189	34251	938	22806	민주화합당	141
강원도	4200	태백시	41280	23018	22615	403	18262	민주화합당	44
강원도	4200	정선군	36286	20904	20290	614	15382	민주화합당	77
강원도	4200	속초시	64113	35741	35122	619	28372	민주화합당	57
강원도	4200	고성군	25487	15804	15355	449	9683	민주화합당	53
강원도	4200	양양군	23101	14802	14242	560	8299	민주화합당	53
강원도	4200	인제군	23925	15311	14810	501	8614	민주화합당	88
강원도	4200	홍천군	53846	35108	34047	1061	18738	민주화합당	100
강원도	4200	횡성군	34699	21773	21109	664	12926	민주화합당	147
강원도	4200	영월군	34135	20766	20282	484	13369	민주화합당	87
강원도	4200	평창군	35686	20372	19877	495	15314	민주화합당	64
강원도	4200	화천군	18506	12085	11693	392	6421	민주화합당	65
강원도	4200	양구군	16246	10356	10032	324	5890	민주화합당	88
강원도	4200	철원군	37370	23687	23015	672	13683	민주화합당	134
강원도	4200	춘천시	185716	112501	110760	1741	73215	사회당	289
강원도	4200	원주시	201799	118634	116854	1780	83165	사회당	529
강원도	4200	강릉시	169603	97597	95972	1625	72006	사회당	260
강원도	4200	동해시	74762	43724	42901	823	31038	사회당	121
강원도	4200	삼척시	57995	35189	34251	938	22806	사회당	204
강원도	4200	태백시	41280	23018	22615	403	18262	사회당	64
강원도	4200	정선군	36286	20904	20290	614	15382	사회당	132
강원도	4200	속초시	64113	35741	35122	619	28372	사회당	64
강원도	4200	고성군	25487	15804	15355	449	9683	사회당	70
강원도	4200	양양군	23101	14802	14242	560	8299	사회당	78
강원도	4200	인제군	23925	15311	14810	501	8614	사회당	93
강원도	4200	홍천군	53846	35108	34047	1061	18738	사회당	150
강원도	4200	횡성군	34699	21773	21109	664	12926	사회당	131
강원도	4200	영월군	34135	20766	20282	484	13369	사회당	115
강원도	4200	평창군	35686	20372	19877	495	15314	사회당	125
강원도	4200	화천군	18506	12085	11693	392	6421	사회당	54
강원도	4200	양구군	16246	10356	10032	324	5890	사회당	56
강원도	4200	철원군	37370	23687	23015	672	13683	사회당	76
충청북도	4300	청주시상당구	176682	100402	99297	1105	76280	한나라당	32509
충청북도	4300	청주시흥덕구	255995	145132	143749	1383	110863	한나라당	43315
충청북도	4300	충주시	152966	90887	88835	2052	62079	한나라당	28563
충청북도	4300	제천시	104008	62211	61024	1187	41797	한나라당	21966
충청북도	4300	단양군	27711	17144	16705	439	10567	한나라당	6293
충청북도	4300	청원군	92071	51950	50674	1276	40121	한나라당	12897
충청북도	4300	영동군	42165	27062	26200	862	15103	한나라당	10805
충청북도	4300	보은군	30718	19567	18900	667	11151	한나라당	4856
충청북도	4300	옥천군	44731	28924	27861	1063	15807	한나라당	6077
충청북도	4300	음성군	63193	34596	33689	907	28597	한나라당	8237
충청북도	4300	진천군	44052	24989	24312	677	19063	한나라당	5166
충청북도	4300	괴산군	32772	19475	18806	669	13297	한나라당	4884
충청북도	4300	증평군	22786	12399	12170	229	10387	한나라당	2923
충청북도	4300	청주시상당구	176682	100402	99297	1105	76280	새천년민주당	1874
충청북도	4300	청주시흥덕구	255995	145132	143749	1383	110863	새천년민주당	2468
충청북도	4300	충주시	152966	90887	88835	2052	62079	새천년민주당	1908
충청북도	4300	제천시	104008	62211	61024	1187	41797	새천년민주당	1551
충청북도	4300	단양군	27711	17144	16705	439	10567	새천년민주당	562
충청북도	4300	청원군	92071	51950	50674	1276	40121	새천년민주당	1013
충청북도	4300	영동군	42165	27062	26200	862	15103	새천년민주당	675
충청북도	4300	보은군	30718	19567	18900	667	11151	새천년민주당	719
충청북도	4300	옥천군	44731	28924	27861	1063	15807	새천년민주당	871
충청북도	4300	음성군	63193	34596	33689	907	28597	새천년민주당	780
충청북도	4300	진천군	44052	24989	24312	677	19063	새천년민주당	516
충청북도	4300	괴산군	32772	19475	18806	669	13297	새천년민주당	389
충청북도	4300	증평군	22786	12399	12170	229	10387	새천년민주당	250
충청북도	4300	청주시상당구	176682	100402	99297	1105	76280	열린우리당	43504
충청북도	4300	청주시흥덕구	255995	145132	143749	1383	110863	열린우리당	63042
충청북도	4300	충주시	152966	90887	88835	2052	62079	열린우리당	40325
충청북도	4300	제천시	104008	62211	61024	1187	41797	열린우리당	25299
충청북도	4300	단양군	27711	17144	16705	439	10567	열린우리당	6918
충청북도	4300	청원군	92071	51950	50674	1276	40121	열린우리당	24705
충청북도	4300	영동군	42165	27062	26200	862	15103	열린우리당	9894
충청북도	4300	보은군	30718	19567	18900	667	11151	열린우리당	9304
충청북도	4300	옥천군	44731	28924	27861	1063	15807	열린우리당	14562
충청북도	4300	음성군	63193	34596	33689	907	28597	열린우리당	15944
충청북도	4300	진천군	44052	24989	24312	677	19063	열린우리당	10613
충청북도	4300	괴산군	32772	19475	18806	669	13297	열린우리당	8259
충청북도	4300	증평군	22786	12399	12170	229	10387	열린우리당	5535
충청북도	4300	청주시상당구	176682	100402	99297	1105	76280	자민련	4495
충청북도	4300	청주시흥덕구	255995	145132	143749	1383	110863	자민련	7188
충청북도	4300	충주시	152966	90887	88835	2052	62079	자민련	4224
충청북도	4300	제천시	104008	62211	61024	1187	41797	자민련	2225
충청북도	4300	단양군	27711	17144	16705	439	10567	자민련	626
충청북도	4300	청원군	92071	51950	50674	1276	40121	자민련	3914
충청북도	4300	영동군	42165	27062	26200	862	15103	자민련	1163
충청북도	4300	보은군	30718	19567	18900	667	11151	자민련	1347
충청북도	4300	옥천군	44731	28924	27861	1063	15807	자민련	2036
충청북도	4300	음성군	63193	34596	33689	907	28597	자민련	3624
충청북도	4300	진천군	44052	24989	24312	677	19063	자민련	4068
충청북도	4300	괴산군	32772	19475	18806	669	13297	자민련	2406
충청북도	4300	증평군	22786	12399	12170	229	10387	자민련	1762
충청북도	4300	청주시상당구	176682	100402	99297	1105	76280	국민통합21	318
충청북도	4300	청주시흥덕구	255995	145132	143749	1383	110863	국민통합21	610
충청북도	4300	충주시	152966	90887	88835	2052	62079	국민통합21	369
충청북도	4300	제천시	104008	62211	61024	1187	41797	국민통합21	316
충청북도	4300	단양군	27711	17144	16705	439	10567	국민통합21	92
충청북도	4300	청원군	92071	51950	50674	1276	40121	국민통합21	501
충청북도	4300	영동군	42165	27062	26200	862	15103	국민통합21	139
충청북도	4300	보은군	30718	19567	18900	667	11151	국민통합21	131
충청북도	4300	옥천군	44731	28924	27861	1063	15807	국민통합21	182
충청북도	4300	음성군	63193	34596	33689	907	28597	국민통합21	142
충청북도	4300	진천군	44052	24989	24312	677	19063	국민통합21	134
충청북도	4300	괴산군	32772	19475	18806	669	13297	국민통합21	123
충청북도	4300	증평군	22786	12399	12170	229	10387	국민통합21	60
충청북도	4300	청주시상당구	176682	100402	99297	1105	76280	가자희망2080	210
충청북도	4300	청주시흥덕구	255995	145132	143749	1383	110863	가자희망2080	186
충청북도	4300	충주시	152966	90887	88835	2052	62079	가자희망2080	77
충청북도	4300	제천시	104008	62211	61024	1187	41797	가자희망2080	109
충청북도	4300	단양군	27711	17144	16705	439	10567	가자희망2080	43
충청북도	4300	청원군	92071	51950	50674	1276	40121	가자희망2080	217
충청북도	4300	영동군	42165	27062	26200	862	15103	가자희망2080	33
충청북도	4300	보은군	30718	19567	18900	667	11151	가자희망2080	33
충청북도	4300	옥천군	44731	28924	27861	1063	15807	가자희망2080	47
충청북도	4300	음성군	63193	34596	33689	907	28597	가자희망2080	40
충청북도	4300	진천군	44052	24989	24312	677	19063	가자희망2080	34
충청북도	4300	괴산군	32772	19475	18806	669	13297	가자희망2080	28
충청북도	4300	증평군	22786	12399	12170	229	10387	가자희망2080	11
충청북도	4300	청주시상당구	176682	100402	99297	1105	76280	공화당	88
충청북도	4300	청주시흥덕구	255995	145132	143749	1383	110863	공화당	97
충청북도	4300	충주시	152966	90887	88835	2052	62079	공화당	169
충청북도	4300	제천시	104008	62211	61024	1187	41797	공화당	87
충청북도	4300	단양군	27711	17144	16705	439	10567	공화당	42
충청북도	4300	청원군	92071	51950	50674	1276	40121	공화당	89
충청북도	4300	영동군	42165	27062	26200	862	15103	공화당	50
충청북도	4300	보은군	30718	19567	18900	667	11151	공화당	60
충청북도	4300	옥천군	44731	28924	27861	1063	15807	공화당	87
충청북도	4300	음성군	63193	34596	33689	907	28597	공화당	90
충청북도	4300	진천군	44052	24989	24312	677	19063	공화당	50
충청북도	4300	괴산군	32772	19475	18806	669	13297	공화당	38
충청북도	4300	증평군	22786	12399	12170	229	10387	공화당	17
충청북도	4300	청주시상당구	176682	100402	99297	1105	76280	구국총연합	26
충청북도	4300	청주시흥덕구	255995	145132	143749	1383	110863	구국총연합	28
충청북도	4300	충주시	152966	90887	88835	2052	62079	구국총연합	72
충청북도	4300	제천시	104008	62211	61024	1187	41797	구국총연합	30
충청북도	4300	단양군	27711	17144	16705	439	10567	구국총연합	18
충청북도	4300	청원군	92071	51950	50674	1276	40121	구국총연합	52
충청북도	4300	영동군	42165	27062	26200	862	15103	구국총연합	19
충청북도	4300	보은군	30718	19567	18900	667	11151	구국총연합	25
충청북도	4300	옥천군	44731	28924	27861	1063	15807	구국총연합	30
충청북도	4300	음성군	63193	34596	33689	907	28597	구국총연합	41
충청북도	4300	진천군	44052	24989	24312	677	19063	구국총연합	25
충청북도	4300	괴산군	32772	19475	18806	669	13297	구국총연합	26
충청북도	4300	증평군	22786	12399	12170	229	10387	구국총연합	10
충청북도	4300	청주시상당구	176682	100402	99297	1105	76280	기독당	1093
충청북도	4300	청주시흥덕구	255995	145132	143749	1383	110863	기독당	1766
충청북도	4300	충주시	152966	90887	88835	2052	62079	기독당	997
충청북도	4300	제천시	104008	62211	61024	1187	41797	기독당	558
충청북도	4300	단양군	27711	17144	16705	439	10567	기독당	167
충청북도	4300	청원군	92071	51950	50674	1276	40121	기독당	564
충청북도	4300	영동군	42165	27062	26200	862	15103	기독당	285
충청북도	4300	보은군	30718	19567	18900	667	11151	기독당	155
충청북도	4300	옥천군	44731	28924	27861	1063	15807	기독당	247
충청북도	4300	음성군	63193	34596	33689	907	28597	기독당	324
충청북도	4300	진천군	44052	24989	24312	677	19063	기독당	231
충청북도	4300	괴산군	32772	19475	18806	669	13297	기독당	175
충청북도	4300	증평군	22786	12399	12170	229	10387	기독당	147
충청북도	4300	청주시상당구	176682	100402	99297	1105	76280	노년권익보호당	149
충청북도	4300	청주시흥덕구	255995	145132	143749	1383	110863	노년권익보호당	209
충청북도	4300	충주시	152966	90887	88835	2052	62079	노년권익보호당	232
충청북도	4300	제천시	104008	62211	61024	1187	41797	노년권익보호당	138
충청북도	4300	단양군	27711	17144	16705	439	10567	노년권익보호당	40
충청북도	4300	청원군	92071	51950	50674	1276	40121	노년권익보호당	146
충청북도	4300	영동군	42165	27062	26200	862	15103	노년권익보호당	62
충청북도	4300	보은군	30718	19567	18900	667	11151	노년권익보호당	66
충청북도	4300	옥천군	44731	28924	27861	1063	15807	노년권익보호당	71
충청북도	4300	음성군	63193	34596	33689	907	28597	노년권익보호당	88
충청북도	4300	진천군	44052	24989	24312	677	19063	노년권익보호당	56
충청북도	4300	괴산군	32772	19475	18806	669	13297	노년권익보호당	51
충청북도	4300	증평군	22786	12399	12170	229	10387	노년권익보호당	39
충청북도	4300	청주시상당구	176682	100402	99297	1105	76280	녹색사민당	845
충청북도	4300	청주시흥덕구	255995	145132	143749	1383	110863	녹색사민당	1358
충청북도	4300	충주시	152966	90887	88835	2052	62079	녹색사민당	657
충청북도	4300	제천시	104008	62211	61024	1187	41797	녹색사민당	558
충청북도	4300	단양군	27711	17144	16705	439	10567	녹색사민당	91
충청북도	4300	청원군	92071	51950	50674	1276	40121	녹색사민당	306
충청북도	4300	영동군	42165	27062	26200	862	15103	녹색사민당	142
충청북도	4300	보은군	30718	19567	18900	667	11151	녹색사민당	98
충청북도	4300	옥천군	44731	28924	27861	1063	15807	녹색사민당	263
충청북도	4300	음성군	63193	34596	33689	907	28597	녹색사민당	198
충청북도	4300	진천군	44052	24989	24312	677	19063	녹색사민당	151
충청북도	4300	괴산군	32772	19475	18806	669	13297	녹색사민당	98
충청북도	4300	증평군	22786	12399	12170	229	10387	녹색사민당	70
충청북도	4300	청주시상당구	176682	100402	99297	1105	76280	민주노동당	13951
충청북도	4300	청주시흥덕구	255995	145132	143749	1383	110863	민주노동당	23172
충청북도	4300	충주시	152966	90887	88835	2052	62079	민주노동당	10680
충청북도	4300	제천시	104008	62211	61024	1187	41797	민주노동당	7838
충청북도	4300	단양군	27711	17144	16705	439	10567	민주노동당	1654
충청북도	4300	청원군	92071	51950	50674	1276	40121	민주노동당	5943
충청북도	4300	영동군	42165	27062	26200	862	15103	민주노동당	2687
충청북도	4300	보은군	30718	19567	18900	667	11151	민주노동당	1904
충청북도	4300	옥천군	44731	28924	27861	1063	15807	민주노동당	3124
충청북도	4300	음성군	63193	34596	33689	907	28597	민주노동당	3916
충청북도	4300	진천군	44052	24989	24312	677	19063	민주노동당	3027
충청북도	4300	괴산군	32772	19475	18806	669	13297	민주노동당	2081
충청북도	4300	증평군	22786	12399	12170	229	10387	민주노동당	1249
충청북도	4300	청주시상당구	176682	100402	99297	1105	76280	민주화합당	107
충청북도	4300	청주시흥덕구	255995	145132	143749	1383	110863	민주화합당	151
충청북도	4300	충주시	152966	90887	88835	2052	62079	민주화합당	247
충청북도	4300	제천시	104008	62211	61024	1187	41797	민주화합당	144
충청북도	4300	단양군	27711	17144	16705	439	10567	민주화합당	58
충청북도	4300	청원군	92071	51950	50674	1276	40121	민주화합당	137
충청북도	4300	영동군	42165	27062	26200	862	15103	민주화합당	91
충청북도	4300	보은군	30718	19567	18900	667	11151	민주화합당	100
충청북도	4300	옥천군	44731	28924	27861	1063	15807	민주화합당	115
충청북도	4300	음성군	63193	34596	33689	907	28597	민주화합당	126
충청북도	4300	진천군	44052	24989	24312	677	19063	민주화합당	90
충청북도	4300	괴산군	32772	19475	18806	669	13297	민주화합당	94
충청북도	4300	증평군	22786	12399	12170	229	10387	민주화합당	42
충청북도	4300	청주시상당구	176682	100402	99297	1105	76280	사회당	128
충청북도	4300	청주시흥덕구	255995	145132	143749	1383	110863	사회당	159
충청북도	4300	충주시	152966	90887	88835	2052	62079	사회당	315
충청북도	4300	제천시	104008	62211	61024	1187	41797	사회당	205
충청북도	4300	단양군	27711	17144	16705	439	10567	사회당	101
충청북도	4300	청원군	92071	51950	50674	1276	40121	사회당	190
충청북도	4300	영동군	42165	27062	26200	862	15103	사회당	155
충청북도	4300	보은군	30718	19567	18900	667	11151	사회당	102
충청북도	4300	옥천군	44731	28924	27861	1063	15807	사회당	149
충청북도	4300	음성군	63193	34596	33689	907	28597	사회당	139
충청북도	4300	진천군	44052	24989	24312	677	19063	사회당	151
충청북도	4300	괴산군	32772	19475	18806	669	13297	사회당	154
충청북도	4300	증평군	22786	12399	12170	229	10387	사회당	55
충청남도	4400	천안시	322826	178622	176474	2148	144204	한나라당	46757
충청남도	4400	공주시	98946	54356	53214	1142	44590	한나라당	9230
충청남도	4400	보령시	83462	48854	47343	1511	34608	한나라당	7885
충청남도	4400	아산시	141653	75106	73786	1320	66547	한나라당	16140
충청남도	4400	서산시	108756	60925	59558	1367	47831	한나라당	8481
충청남도	4400	태안군	49862	27513	26624	889	22349	한나라당	3714
충청남도	4400	금산군	47622	25359	24626	733	22263	한나라당	4966
충청남도	4400	연기군	62346	34496	33618	878	27850	한나라당	6153
충청남도	4400	논산시	102667	57584	56239	1345	45083	한나라당	7640
충청남도	4400	계룡시	20467	12779	12679	100	7688	한나라당	4021
충청남도	4400	부여군	66138	37816	36663	1153	28322	한나라당	3785
충청남도	4400	서천군	53199	30704	29812	892	22495	한나라당	4906
충청남도	4400	홍성군	70002	42386	41189	1197	27616	한나라당	12089
충청남도	4400	청양군	29117	16670	16019	651	12447	한나라당	2321
충청남도	4400	예산군	72960	42288	41144	1144	30672	한나라당	17376
충청남도	4400	당진군	87728	48114	47076	1038	39614	한나라당	9203
충청남도	4400	천안시	322826	178622	176474	2148	144204	새천년민주당	5841
충청남도	4400	공주시	98946	54356	53214	1142	44590	새천년민주당	1166
충청남도	4400	보령시	83462	48854	47343	1511	34608	새천년민주당	1461
충청남도	4400	아산시	141653	75106	73786	1320	66547	새천년민주당	1944
충청남도	4400	서산시	108756	60925	59558	1367	47831	새천년민주당	1855
충청남도	4400	태안군	49862	27513	26624	889	22349	새천년민주당	848
충청남도	4400	금산군	47622	25359	24626	733	22263	새천년민주당	541
충청남도	4400	연기군	62346	34496	33618	878	27850	새천년민주당	1563
충청남도	4400	논산시	102667	57584	56239	1345	45083	새천년민주당	1365
충청남도	4400	계룡시	20467	12779	12679	100	7688	새천년민주당	495
충청남도	4400	부여군	66138	37816	36663	1153	28322	새천년민주당	609
충청남도	4400	서천군	53199	30704	29812	892	22495	새천년민주당	810
충청남도	4400	홍성군	70002	42386	41189	1197	27616	새천년민주당	834
충청남도	4400	청양군	29117	16670	16019	651	12447	새천년민주당	223
충청남도	4400	예산군	72960	42288	41144	1144	30672	새천년민주당	762
충청남도	4400	당진군	87728	48114	47076	1038	39614	새천년민주당	1519
충청남도	4400	천안시	322826	178622	176474	2148	144204	열린우리당	70735
충청남도	4400	공주시	98946	54356	53214	1142	44590	열린우리당	21288
충청남도	4400	보령시	83462	48854	47343	1511	34608	열린우리당	16853
충청남도	4400	아산시	141653	75106	73786	1320	66547	열린우리당	28085
충청남도	4400	서산시	108756	60925	59558	1367	47831	열린우리당	21705
충청남도	4400	태안군	49862	27513	26624	889	22349	열린우리당	10863
충청남도	4400	금산군	47622	25359	24626	733	22263	열린우리당	11445
충청남도	4400	연기군	62346	34496	33618	878	27850	열린우리당	16025
충청남도	4400	논산시	102667	57584	56239	1345	45083	열린우리당	23638
충청남도	4400	계룡시	20467	12779	12679	100	7688	열린우리당	5309
충청남도	4400	부여군	66138	37816	36663	1153	28322	열린우리당	11804
충청남도	4400	서천군	53199	30704	29812	892	22495	열린우리당	12511
충청남도	4400	홍성군	70002	42386	41189	1197	27616	열린우리당	11612
충청남도	4400	청양군	29117	16670	16019	651	12447	열린우리당	4688
충청남도	4400	예산군	72960	42288	41144	1144	30672	열린우리당	10645
충청남도	4400	당진군	87728	48114	47076	1038	39614	열린우리당	17963
충청남도	4400	천안시	322826	178622	176474	2148	144204	자민련	23162
충청남도	4400	공주시	98946	54356	53214	1142	44590	자민련	15199
충청남도	4400	보령시	83462	48854	47343	1511	34608	자민련	14618
충청남도	4400	아산시	141653	75106	73786	1320	66547	자민련	13971
충청남도	4400	서산시	108756	60925	59558	1367	47831	자민련	18704
충청남도	4400	태안군	49862	27513	26624	889	22349	자민련	8131
충청남도	4400	금산군	47622	25359	24626	733	22263	자민련	4845
충청남도	4400	연기군	62346	34496	33618	878	27850	자민련	5509
충청남도	4400	논산시	102667	57584	56239	1345	45083	자민련	17042
충청남도	4400	계룡시	20467	12779	12679	100	7688	자민련	1529
충청남도	4400	부여군	66138	37816	36663	1153	28322	자민련	16483
충청남도	4400	서천군	53199	30704	29812	892	22495	자민련	7414
충청남도	4400	홍성군	70002	42386	41189	1197	27616	자민련	12196
충청남도	4400	청양군	29117	16670	16019	651	12447	자민련	7011
충청남도	4400	예산군	72960	42288	41144	1144	30672	자민련	7102
충청남도	4400	당진군	87728	48114	47076	1038	39614	자민련	11783
충청남도	4400	천안시	322826	178622	176474	2148	144204	국민통합21	612
충청남도	4400	공주시	98946	54356	53214	1142	44590	국민통합21	238
충청남도	4400	보령시	83462	48854	47343	1511	34608	국민통합21	254
충청남도	4400	아산시	141653	75106	73786	1320	66547	국민통합21	433
충청남도	4400	서산시	108756	60925	59558	1367	47831	국민통합21	372
충청남도	4400	태안군	49862	27513	26624	889	22349	국민통합21	223
충청남도	4400	금산군	47622	25359	24626	733	22263	국민통합21	216
충청남도	4400	연기군	62346	34496	33618	878	27850	국민통합21	135
충청남도	4400	논산시	102667	57584	56239	1345	45083	국민통합21	379
충청남도	4400	계룡시	20467	12779	12679	100	7688	국민통합21	50
충청남도	4400	부여군	66138	37816	36663	1153	28322	국민통합21	175
충청남도	4400	서천군	53199	30704	29812	892	22495	국민통합21	170
충청남도	4400	홍성군	70002	42386	41189	1197	27616	국민통합21	211
충청남도	4400	청양군	29117	16670	16019	651	12447	국민통합21	64
충청남도	4400	예산군	72960	42288	41144	1144	30672	국민통합21	274
충청남도	4400	당진군	87728	48114	47076	1038	39614	국민통합21	280
충청남도	4400	천안시	322826	178622	176474	2148	144204	가자희망2080	319
충청남도	4400	공주시	98946	54356	53214	1142	44590	가자희망2080	61
충청남도	4400	보령시	83462	48854	47343	1511	34608	가자희망2080	684
충청남도	4400	아산시	141653	75106	73786	1320	66547	가자희망2080	216
충청남도	4400	서산시	108756	60925	59558	1367	47831	가자희망2080	71
충청남도	4400	태안군	49862	27513	26624	889	22349	가자희망2080	45
충청남도	4400	금산군	47622	25359	24626	733	22263	가자희망2080	59
충청남도	4400	연기군	62346	34496	33618	878	27850	가자희망2080	35
충청남도	4400	논산시	102667	57584	56239	1345	45083	가자희망2080	112
충청남도	4400	계룡시	20467	12779	12679	100	7688	가자희망2080	16
충청남도	4400	부여군	66138	37816	36663	1153	28322	가자희망2080	33
충청남도	4400	서천군	53199	30704	29812	892	22495	가자희망2080	159
충청남도	4400	홍성군	70002	42386	41189	1197	27616	가자희망2080	161
충청남도	4400	청양군	29117	16670	16019	651	12447	가자희망2080	27
충청남도	4400	예산군	72960	42288	41144	1144	30672	가자희망2080	812
충청남도	4400	당진군	87728	48114	47076	1038	39614	가자희망2080	131
충청남도	4400	천안시	322826	178622	176474	2148	144204	공화당	243
충청남도	4400	공주시	98946	54356	53214	1142	44590	공화당	98
충청남도	4400	보령시	83462	48854	47343	1511	34608	공화당	198
충청남도	4400	아산시	141653	75106	73786	1320	66547	공화당	102
충청남도	4400	서산시	108756	60925	59558	1367	47831	공화당	95
충청남도	4400	태안군	49862	27513	26624	889	22349	공화당	79
충청남도	4400	금산군	47622	25359	24626	733	22263	공화당	83
충청남도	4400	연기군	62346	34496	33618	878	27850	공화당	60
충청남도	4400	논산시	102667	57584	56239	1345	45083	공화당	136
충청남도	4400	계룡시	20467	12779	12679	100	7688	공화당	9
충청남도	4400	부여군	66138	37816	36663	1153	28322	공화당	60
충청남도	4400	서천군	53199	30704	29812	892	22495	공화당	526
충청남도	4400	홍성군	70002	42386	41189	1197	27616	공화당	102
충청남도	4400	청양군	29117	16670	16019	651	12447	공화당	37
충청남도	4400	예산군	72960	42288	41144	1144	30672	공화당	88
충청남도	4400	당진군	87728	48114	47076	1038	39614	공화당	99
충청남도	4400	천안시	322826	178622	176474	2148	144204	구국총연합	133
충청남도	4400	공주시	98946	54356	53214	1142	44590	구국총연합	27
충청남도	4400	보령시	83462	48854	47343	1511	34608	구국총연합	38
충청남도	4400	아산시	141653	75106	73786	1320	66547	구국총연합	34
충청남도	4400	서산시	108756	60925	59558	1367	47831	구국총연합	37
충청남도	4400	태안군	49862	27513	26624	889	22349	구국총연합	25
충청남도	4400	금산군	47622	25359	24626	733	22263	구국총연합	30
충청남도	4400	연기군	62346	34496	33618	878	27850	구국총연합	17
충청남도	4400	논산시	102667	57584	56239	1345	45083	구국총연합	42
충청남도	4400	계룡시	20467	12779	12679	100	7688	구국총연합	4
충청남도	4400	부여군	66138	37816	36663	1153	28322	구국총연합	23
충청남도	4400	서천군	53199	30704	29812	892	22495	구국총연합	36
충청남도	4400	홍성군	70002	42386	41189	1197	27616	구국총연합	35
충청남도	4400	청양군	29117	16670	16019	651	12447	구국총연합	28
충청남도	4400	예산군	72960	42288	41144	1144	30672	구국총연합	41
충청남도	4400	당진군	87728	48114	47076	1038	39614	구국총연합	35
충청남도	4400	천안시	322826	178622	176474	2148	144204	기독당	2067
충청남도	4400	공주시	98946	54356	53214	1142	44590	기독당	499
충청남도	4400	보령시	83462	48854	47343	1511	34608	기독당	540
충청남도	4400	아산시	141653	75106	73786	1320	66547	기독당	873
충청남도	4400	서산시	108756	60925	59558	1367	47831	기독당	727
충청남도	4400	태안군	49862	27513	26624	889	22349	기독당	280
충청남도	4400	금산군	47622	25359	24626	733	22263	기독당	271
충청남도	4400	연기군	62346	34496	33618	878	27850	기독당	359
충청남도	4400	논산시	102667	57584	56239	1345	45083	기독당	663
충청남도	4400	계룡시	20467	12779	12679	100	7688	기독당	171
충청남도	4400	부여군	66138	37816	36663	1153	28322	기독당	397
충청남도	4400	서천군	53199	30704	29812	892	22495	기독당	407
충청남도	4400	홍성군	70002	42386	41189	1197	27616	기독당	430
충청남도	4400	청양군	29117	16670	16019	651	12447	기독당	136
충청남도	4400	예산군	72960	42288	41144	1144	30672	기독당	476
충청남도	4400	당진군	87728	48114	47076	1038	39614	기독당	748
충청남도	4400	천안시	322826	178622	176474	2148	144204	노년권익보호당	239
충청남도	4400	공주시	98946	54356	53214	1142	44590	노년권익보호당	88
충청남도	4400	보령시	83462	48854	47343	1511	34608	노년권익보호당	129
충청남도	4400	아산시	141653	75106	73786	1320	66547	노년권익보호당	168
충청남도	4400	서산시	108756	60925	59558	1367	47831	노년권익보호당	120
충청남도	4400	태안군	49862	27513	26624	889	22349	노년권익보호당	68
충청남도	4400	금산군	47622	25359	24626	733	22263	노년권익보호당	52
충청남도	4400	연기군	62346	34496	33618	878	27850	노년권익보호당	70
충청남도	4400	논산시	102667	57584	56239	1345	45083	노년권익보호당	101
충청남도	4400	계룡시	20467	12779	12679	100	7688	노년권익보호당	24
충청남도	4400	부여군	66138	37816	36663	1153	28322	노년권익보호당	92
충청남도	4400	서천군	53199	30704	29812	892	22495	노년권익보호당	67
충청남도	4400	홍성군	70002	42386	41189	1197	27616	노년권익보호당	72
충청남도	4400	청양군	29117	16670	16019	651	12447	노년권익보호당	36
충청남도	4400	예산군	72960	42288	41144	1144	30672	노년권익보호당	83
충청남도	4400	당진군	87728	48114	47076	1038	39614	노년권익보호당	78
충청남도	4400	천안시	322826	178622	176474	2148	144204	녹색사민당	1099
충청남도	4400	공주시	98946	54356	53214	1142	44590	녹색사민당	275
충청남도	4400	보령시	83462	48854	47343	1511	34608	녹색사민당	233
충청남도	4400	아산시	141653	75106	73786	1320	66547	녹색사민당	278
충청남도	4400	서산시	108756	60925	59558	1367	47831	녹색사민당	224
충청남도	4400	태안군	49862	27513	26624	889	22349	녹색사민당	106
충청남도	4400	금산군	47622	25359	24626	733	22263	녹색사민당	111
충청남도	4400	연기군	62346	34496	33618	878	27850	녹색사민당	347
충청남도	4400	논산시	102667	57584	56239	1345	45083	녹색사민당	245
충청남도	4400	계룡시	20467	12779	12679	100	7688	녹색사민당	39
충청남도	4400	부여군	66138	37816	36663	1153	28322	녹색사민당	138
충청남도	4400	서천군	53199	30704	29812	892	22495	녹색사민당	162
충청남도	4400	홍성군	70002	42386	41189	1197	27616	녹색사민당	133
충청남도	4400	청양군	29117	16670	16019	651	12447	녹색사민당	79
충청남도	4400	예산군	72960	42288	41144	1144	30672	녹색사민당	223
충청남도	4400	당진군	87728	48114	47076	1038	39614	녹색사민당	206
충청남도	4400	천안시	322826	178622	176474	2148	144204	민주노동당	24794
충청남도	4400	공주시	98946	54356	53214	1142	44590	민주노동당	4638
충청남도	4400	보령시	83462	48854	47343	1511	34608	민주노동당	4144
충청남도	4400	아산시	141653	75106	73786	1320	66547	민주노동당	11268
충청남도	4400	서산시	108756	60925	59558	1367	47831	민주노동당	6825
충청남도	4400	태안군	49862	27513	26624	889	22349	민주노동당	2017
충청남도	4400	금산군	47622	25359	24626	733	22263	민주노동당	1772
충청남도	4400	연기군	62346	34496	33618	878	27850	민주노동당	3120
충청남도	4400	논산시	102667	57584	56239	1345	45083	민주노동당	4598
충청남도	4400	계룡시	20467	12779	12679	100	7688	민주노동당	986
충청남도	4400	부여군	66138	37816	36663	1153	28322	민주노동당	2626
충청남도	4400	서천군	53199	30704	29812	892	22495	민주노동당	2410
충청남도	4400	홍성군	70002	42386	41189	1197	27616	민주노동당	3075
충청남도	4400	청양군	29117	16670	16019	651	12447	민주노동당	1082
충청남도	4400	예산군	72960	42288	41144	1144	30672	민주노동당	2936
충청남도	4400	당진군	87728	48114	47076	1038	39614	민주노동당	4809
충청남도	4400	천안시	322826	178622	176474	2148	144204	민주화합당	198
충청남도	4400	공주시	98946	54356	53214	1142	44590	민주화합당	144
충청남도	4400	보령시	83462	48854	47343	1511	34608	민주화합당	152
충청남도	4400	아산시	141653	75106	73786	1320	66547	민주화합당	116
충청남도	4400	서산시	108756	60925	59558	1367	47831	민주화합당	159
충청남도	4400	태안군	49862	27513	26624	889	22349	민주화합당	121
충청남도	4400	금산군	47622	25359	24626	733	22263	민주화합당	108
충청남도	4400	연기군	62346	34496	33618	878	27850	민주화합당	114
충청남도	4400	논산시	102667	57584	56239	1345	45083	민주화합당	133
충청남도	4400	계룡시	20467	12779	12679	100	7688	민주화합당	10
충청남도	4400	부여군	66138	37816	36663	1153	28322	민주화합당	147
충청남도	4400	서천군	53199	30704	29812	892	22495	민주화합당	101
충청남도	4400	홍성군	70002	42386	41189	1197	27616	민주화합당	101
충청남도	4400	청양군	29117	16670	16019	651	12447	민주화합당	92
충청남도	4400	예산군	72960	42288	41144	1144	30672	민주화합당	133
충청남도	4400	당진군	87728	48114	47076	1038	39614	민주화합당	115
충청남도	4400	천안시	322826	178622	176474	2148	144204	사회당	275
충청남도	4400	공주시	98946	54356	53214	1142	44590	사회당	263
충청남도	4400	보령시	83462	48854	47343	1511	34608	사회당	154
충청남도	4400	아산시	141653	75106	73786	1320	66547	사회당	158
충청남도	4400	서산시	108756	60925	59558	1367	47831	사회당	183
충청남도	4400	태안군	49862	27513	26624	889	22349	사회당	104
충청남도	4400	금산군	47622	25359	24626	733	22263	사회당	127
충청남도	4400	연기군	62346	34496	33618	878	27850	사회당	111
충청남도	4400	논산시	102667	57584	56239	1345	45083	사회당	145
충청남도	4400	계룡시	20467	12779	12679	100	7688	사회당	16
충청남도	4400	부여군	66138	37816	36663	1153	28322	사회당	291
충청남도	4400	서천군	53199	30704	29812	892	22495	사회당	133
충청남도	4400	홍성군	70002	42386	41189	1197	27616	사회당	138
충청남도	4400	청양군	29117	16670	16019	651	12447	사회당	195
충청남도	4400	예산군	72960	42288	41144	1144	30672	사회당	193
충청남도	4400	당진군	87728	48114	47076	1038	39614	사회당	107
전라북도	4500	전주시완산구	241700	151867	150389	1478	89833	한나라당	4634
전라북도	4500	전주시덕진구	196868	120067	118990	1077	76801	한나라당	3592
전라북도	4500	군산시	196229	108680	106974	1706	87549	한나라당	4108
전라북도	4500	익산시	233927	135036	132976	2060	98891	한나라당	4810
전라북도	4500	정읍시	102868	66807	65308	1499	36061	한나라당	1693
전라북도	4500	남원시	74036	48911	47848	1063	25125	한나라당	1610
전라북도	4500	김제시	84821	53785	52628	1157	31036	한나라당	1849
전라북도	4500	완주군	64477	39679	38970	709	24798	한나라당	1124
전라북도	4500	진안군	23361	15377	14880	497	7984	한나라당	683
전라북도	4500	무주군	21246	13893	13430	463	7353	한나라당	863
전라북도	4500	장수군	20450	13218	12722	496	7232	한나라당	576
전라북도	4500	임실군	27535	17829	17215	614	9706	한나라당	668
전라북도	4500	순창군	25209	17409	16902	507	7800	한나라당	549
전라북도	4500	고창군	52471	33503	32598	905	18968	한나라당	985
전라북도	4500	부안군	53674	32106	31099	1007	21568	한나라당	1351
전라북도	4500	전주시완산구	241700	151867	150389	1478	89833	새천년민주당	19786
전라북도	4500	전주시덕진구	196868	120067	118990	1077	76801	새천년민주당	13566
전라북도	4500	군산시	196229	108680	106974	1706	87549	새천년민주당	12433
전라북도	4500	익산시	233927	135036	132976	2060	98891	새천년민주당	16775
전라북도	4500	정읍시	102868	66807	65308	1499	36061	새천년민주당	11077
전라북도	4500	남원시	74036	48911	47848	1063	25125	새천년민주당	6437
전라북도	4500	김제시	84821	53785	52628	1157	31036	새천년민주당	6506
전라북도	4500	완주군	64477	39679	38970	709	24798	새천년민주당	3974
전라북도	4500	진안군	23361	15377	14880	497	7984	새천년민주당	1474
전라북도	4500	무주군	21246	13893	13430	463	7353	새천년민주당	1520
전라북도	4500	장수군	20450	13218	12722	496	7232	새천년민주당	1587
전라북도	4500	임실군	27535	17829	17215	614	9706	새천년민주당	2580
전라북도	4500	순창군	25209	17409	16902	507	7800	새천년민주당	1690
전라북도	4500	고창군	52471	33503	32598	905	18968	새천년민주당	8651
전라북도	4500	부안군	53674	32106	31099	1007	21568	새천년민주당	7776
전라북도	4500	전주시완산구	241700	151867	150389	1478	89833	열린우리당	106897
전라북도	4500	전주시덕진구	196868	120067	118990	1077	76801	열린우리당	84511
전라북도	4500	군산시	196229	108680	106974	1706	87549	열린우리당	73263
전라북도	4500	익산시	233927	135036	132976	2060	98891	열린우리당	91266
전라북도	4500	정읍시	102868	66807	65308	1499	36061	열린우리당	41338
전라북도	4500	남원시	74036	48911	47848	1063	25125	열린우리당	33269
전라북도	4500	김제시	84821	53785	52628	1157	31036	열린우리당	35493
전라북도	4500	완주군	64477	39679	38970	709	24798	열린우리당	25842
전라북도	4500	진안군	23361	15377	14880	497	7984	열린우리당	10599
전라북도	4500	무주군	21246	13893	13430	463	7353	열린우리당	9057
전라북도	4500	장수군	20450	13218	12722	496	7232	열린우리당	8554
전라북도	4500	임실군	27535	17829	17215	614	9706	열린우리당	11795
전라북도	4500	순창군	25209	17409	16902	507	7800	열린우리당	11728
전라북도	4500	고창군	52471	33503	32598	905	18968	열린우리당	17029
전라북도	4500	부안군	53674	32106	31099	1007	21568	열린우리당	13070
전라북도	4500	전주시완산구	241700	151867	150389	1478	89833	자민련	709
전라북도	4500	전주시덕진구	196868	120067	118990	1077	76801	자민련	622
전라북도	4500	군산시	196229	108680	106974	1706	87549	자민련	912
전라북도	4500	익산시	233927	135036	132976	2060	98891	자민련	1040
전라북도	4500	정읍시	102868	66807	65308	1499	36061	자민련	1241
전라북도	4500	남원시	74036	48911	47848	1063	25125	자민련	611
전라북도	4500	김제시	84821	53785	52628	1157	31036	자민련	610
전라북도	4500	완주군	64477	39679	38970	709	24798	자민련	630
전라북도	4500	진안군	23361	15377	14880	497	7984	자민련	150
전라북도	4500	무주군	21246	13893	13430	463	7353	자민련	180
전라북도	4500	장수군	20450	13218	12722	496	7232	자민련	165
전라북도	4500	임실군	27535	17829	17215	614	9706	자민련	176
전라북도	4500	순창군	25209	17409	16902	507	7800	자민련	302
전라북도	4500	고창군	52471	33503	32598	905	18968	자민련	326
전라북도	4500	부안군	53674	32106	31099	1007	21568	자민련	431
전라북도	4500	전주시완산구	241700	151867	150389	1478	89833	국민통합21	399
전라북도	4500	전주시덕진구	196868	120067	118990	1077	76801	국민통합21	282
전라북도	4500	군산시	196229	108680	106974	1706	87549	국민통합21	256
전라북도	4500	익산시	233927	135036	132976	2060	98891	국민통합21	535
전라북도	4500	정읍시	102868	66807	65308	1499	36061	국민통합21	847
전라북도	4500	남원시	74036	48911	47848	1063	25125	국민통합21	240
전라북도	4500	김제시	84821	53785	52628	1157	31036	국민통합21	273
전라북도	4500	완주군	64477	39679	38970	709	24798	국민통합21	203
전라북도	4500	진안군	23361	15377	14880	497	7984	국민통합21	67
전라북도	4500	무주군	21246	13893	13430	463	7353	국민통합21	72
전라북도	4500	장수군	20450	13218	12722	496	7232	국민통합21	73
전라북도	4500	임실군	27535	17829	17215	614	9706	국민통합21	88
전라북도	4500	순창군	25209	17409	16902	507	7800	국민통합21	468
전라북도	4500	고창군	52471	33503	32598	905	18968	국민통합21	403
전라북도	4500	부안군	53674	32106	31099	1007	21568	국민통합21	1721
전라북도	4500	전주시완산구	241700	151867	150389	1478	89833	가자희망2080	159
전라북도	4500	전주시덕진구	196868	120067	118990	1077	76801	가자희망2080	80
전라북도	4500	군산시	196229	108680	106974	1706	87549	가자희망2080	67
전라북도	4500	익산시	233927	135036	132976	2060	98891	가자희망2080	180
전라북도	4500	정읍시	102868	66807	65308	1499	36061	가자희망2080	235
전라북도	4500	남원시	74036	48911	47848	1063	25125	가자희망2080	673
전라북도	4500	김제시	84821	53785	52628	1157	31036	가자희망2080	95
전라북도	4500	완주군	64477	39679	38970	709	24798	가자희망2080	751
전라북도	4500	진안군	23361	15377	14880	497	7984	가자희망2080	24
전라북도	4500	무주군	21246	13893	13430	463	7353	가자희망2080	21
전라북도	4500	장수군	20450	13218	12722	496	7232	가자희망2080	13
전라북도	4500	임실군	27535	17829	17215	614	9706	가자희망2080	14
전라북도	4500	순창군	25209	17409	16902	507	7800	가자희망2080	169
전라북도	4500	고창군	52471	33503	32598	905	18968	가자희망2080	195
전라북도	4500	부안군	53674	32106	31099	1007	21568	가자희망2080	112
전라북도	4500	전주시완산구	241700	151867	150389	1478	89833	공화당	77
전라북도	4500	전주시덕진구	196868	120067	118990	1077	76801	공화당	54
전라북도	4500	군산시	196229	108680	106974	1706	87549	공화당	84
전라북도	4500	익산시	233927	135036	132976	2060	98891	공화당	102
전라북도	4500	정읍시	102868	66807	65308	1499	36061	공화당	136
전라북도	4500	남원시	74036	48911	47848	1063	25125	공화당	101
전라북도	4500	김제시	84821	53785	52628	1157	31036	공화당	99
전라북도	4500	완주군	64477	39679	38970	709	24798	공화당	114
전라북도	4500	진안군	23361	15377	14880	497	7984	공화당	28
전라북도	4500	무주군	21246	13893	13430	463	7353	공화당	30
전라북도	4500	장수군	20450	13218	12722	496	7232	공화당	33
전라북도	4500	임실군	27535	17829	17215	614	9706	공화당	26
전라북도	4500	순창군	25209	17409	16902	507	7800	공화당	48
전라북도	4500	고창군	52471	33503	32598	905	18968	공화당	963
전라북도	4500	부안군	53674	32106	31099	1007	21568	공화당	150
전라북도	4500	전주시완산구	241700	151867	150389	1478	89833	구국총연합	29
전라북도	4500	전주시덕진구	196868	120067	118990	1077	76801	구국총연합	20
전라북도	4500	군산시	196229	108680	106974	1706	87549	구국총연합	45
전라북도	4500	익산시	233927	135036	132976	2060	98891	구국총연합	39
전라북도	4500	정읍시	102868	66807	65308	1499	36061	구국총연합	74
전라북도	4500	남원시	74036	48911	47848	1063	25125	구국총연합	56
전라북도	4500	김제시	84821	53785	52628	1157	31036	구국총연합	53
전라북도	4500	완주군	64477	39679	38970	709	24798	구국총연합	107
전라북도	4500	진안군	23361	15377	14880	497	7984	구국총연합	13
전라북도	4500	무주군	21246	13893	13430	463	7353	구국총연합	18
전라북도	4500	장수군	20450	13218	12722	496	7232	구국총연합	17
전라북도	4500	임실군	27535	17829	17215	614	9706	구국총연합	15
전라북도	4500	순창군	25209	17409	16902	507	7800	구국총연합	42
전라북도	4500	고창군	52471	33503	32598	905	18968	구국총연합	86
전라북도	4500	부안군	53674	32106	31099	1007	21568	구국총연합	90
전라북도	4500	전주시완산구	241700	151867	150389	1478	89833	기독당	870
전라북도	4500	전주시덕진구	196868	120067	118990	1077	76801	기독당	694
전라북도	4500	군산시	196229	108680	106974	1706	87549	기독당	1096
전라북도	4500	익산시	233927	135036	132976	2060	98891	기독당	1278
전라북도	4500	정읍시	102868	66807	65308	1499	36061	기독당	523
전라북도	4500	남원시	74036	48911	47848	1063	25125	기독당	356
전라북도	4500	김제시	84821	53785	52628	1157	31036	기독당	446
전라북도	4500	완주군	64477	39679	38970	709	24798	기독당	323
전라북도	4500	진안군	23361	15377	14880	497	7984	기독당	131
전라북도	4500	무주군	21246	13893	13430	463	7353	기독당	98
전라북도	4500	장수군	20450	13218	12722	496	7232	기독당	102
전라북도	4500	임실군	27535	17829	17215	614	9706	기독당	77
전라북도	4500	순창군	25209	17409	16902	507	7800	기독당	126
전라북도	4500	고창군	52471	33503	32598	905	18968	기독당	240
전라북도	4500	부안군	53674	32106	31099	1007	21568	기독당	238
전라북도	4500	전주시완산구	241700	151867	150389	1478	89833	노년권익보호당	154
전라북도	4500	전주시덕진구	196868	120067	118990	1077	76801	노년권익보호당	122
전라북도	4500	군산시	196229	108680	106974	1706	87549	노년권익보호당	146
전라북도	4500	익산시	233927	135036	132976	2060	98891	노년권익보호당	210
전라북도	4500	정읍시	102868	66807	65308	1499	36061	노년권익보호당	172
전라북도	4500	남원시	74036	48911	47848	1063	25125	노년권익보호당	71
전라북도	4500	김제시	84821	53785	52628	1157	31036	노년권익보호당	1139
전라북도	4500	완주군	64477	39679	38970	709	24798	노년권익보호당	117
전라북도	4500	진안군	23361	15377	14880	497	7984	노년권익보호당	42
전라북도	4500	무주군	21246	13893	13430	463	7353	노년권익보호당	27
전라북도	4500	장수군	20450	13218	12722	496	7232	노년권익보호당	33
전라북도	4500	임실군	27535	17829	17215	614	9706	노년권익보호당	36
전라북도	4500	순창군	25209	17409	16902	507	7800	노년권익보호당	50
전라북도	4500	고창군	52471	33503	32598	905	18968	노년권익보호당	106
전라북도	4500	부안군	53674	32106	31099	1007	21568	노년권익보호당	142
전라북도	4500	전주시완산구	241700	151867	150389	1478	89833	녹색사민당	663
전라북도	4500	전주시덕진구	196868	120067	118990	1077	76801	녹색사민당	526
전라북도	4500	군산시	196229	108680	106974	1706	87549	녹색사민당	633
전라북도	4500	익산시	233927	135036	132976	2060	98891	녹색사민당	591
전라북도	4500	정읍시	102868	66807	65308	1499	36061	녹색사민당	481
전라북도	4500	남원시	74036	48911	47848	1063	25125	녹색사민당	189
전라북도	4500	김제시	84821	53785	52628	1157	31036	녹색사민당	232
전라북도	4500	완주군	64477	39679	38970	709	24798	녹색사민당	189
전라북도	4500	진안군	23361	15377	14880	497	7984	녹색사민당	66
전라북도	4500	무주군	21246	13893	13430	463	7353	녹색사민당	86
전라북도	4500	장수군	20450	13218	12722	496	7232	녹색사민당	52
전라북도	4500	임실군	27535	17829	17215	614	9706	녹색사민당	81
전라북도	4500	순창군	25209	17409	16902	507	7800	녹색사민당	94
전라북도	4500	고창군	52471	33503	32598	905	18968	녹색사민당	132
전라북도	4500	부안군	53674	32106	31099	1007	21568	녹색사민당	223
전라북도	4500	전주시완산구	241700	151867	150389	1478	89833	민주노동당	15603
전라북도	4500	전주시덕진구	196868	120067	118990	1077	76801	민주노동당	14643
전라북도	4500	군산시	196229	108680	106974	1706	87549	민주노동당	13371
전라북도	4500	익산시	233927	135036	132976	2060	98891	민주노동당	15540
전라북도	4500	정읍시	102868	66807	65308	1499	36061	민주노동당	6820
전라북도	4500	남원시	74036	48911	47848	1063	25125	민주노동당	3804
전라북도	4500	김제시	84821	53785	52628	1157	31036	민주노동당	5233
전라북도	4500	완주군	64477	39679	38970	709	24798	민주노동당	5305
전라북도	4500	진안군	23361	15377	14880	497	7984	민주노동당	1330
전라북도	4500	무주군	21246	13893	13430	463	7353	민주노동당	1196
전라북도	4500	장수군	20450	13218	12722	496	7232	민주노동당	1242
전라북도	4500	임실군	27535	17829	17215	614	9706	민주노동당	1258
전라북도	4500	순창군	25209	17409	16902	507	7800	민주노동당	1398
전라북도	4500	고창군	52471	33503	32598	905	18968	민주노동당	2979
전라북도	4500	부안군	53674	32106	31099	1007	21568	민주노동당	5373
전라북도	4500	전주시완산구	241700	151867	150389	1478	89833	민주화합당	272
전라북도	4500	전주시덕진구	196868	120067	118990	1077	76801	민주화합당	171
전라북도	4500	군산시	196229	108680	106974	1706	87549	민주화합당	414
전라북도	4500	익산시	233927	135036	132976	2060	98891	민주화합당	422
전라북도	4500	정읍시	102868	66807	65308	1499	36061	민주화합당	455
전라북도	4500	남원시	74036	48911	47848	1063	25125	민주화합당	271
전라북도	4500	김제시	84821	53785	52628	1157	31036	민주화합당	343
전라북도	4500	완주군	64477	39679	38970	709	24798	민주화합당	166
전라북도	4500	진안군	23361	15377	14880	497	7984	민주화합당	167
전라북도	4500	무주군	21246	13893	13430	463	7353	민주화합당	148
전라북도	4500	장수군	20450	13218	12722	496	7232	민주화합당	158
전라북도	4500	임실군	27535	17829	17215	614	9706	민주화합당	245
전라북도	4500	순창군	25209	17409	16902	507	7800	민주화합당	138
전라북도	4500	고창군	52471	33503	32598	905	18968	민주화합당	386
전라북도	4500	부안군	53674	32106	31099	1007	21568	민주화합당	283
전라북도	4500	전주시완산구	241700	151867	150389	1478	89833	사회당	137
전라북도	4500	전주시덕진구	196868	120067	118990	1077	76801	사회당	107
전라북도	4500	군산시	196229	108680	106974	1706	87549	사회당	146
전라북도	4500	익산시	233927	135036	132976	2060	98891	사회당	188
전라북도	4500	정읍시	102868	66807	65308	1499	36061	사회당	216
전라북도	4500	남원시	74036	48911	47848	1063	25125	사회당	160
전라북도	4500	김제시	84821	53785	52628	1157	31036	사회당	257
전라북도	4500	완주군	64477	39679	38970	709	24798	사회당	125
전라북도	4500	진안군	23361	15377	14880	497	7984	사회당	106
전라북도	4500	무주군	21246	13893	13430	463	7353	사회당	114
전라북도	4500	장수군	20450	13218	12722	496	7232	사회당	117
전라북도	4500	임실군	27535	17829	17215	614	9706	사회당	156
전라북도	4500	순창군	25209	17409	16902	507	7800	사회당	100
전라북도	4500	고창군	52471	33503	32598	905	18968	사회당	117
전라북도	4500	부안군	53674	32106	31099	1007	21568	사회당	139
전라남도	4600	목포시	171129	96956	95406	1550	74173	한나라당	1846
전라남도	4600	여수시	222843	132133	129754	2379	90710	한나라당	3577
전라남도	4600	순천시	187972	117085	115167	1918	70887	한나라당	2715
전라남도	4600	나주시	79352	53231	51440	1791	26121	한나라당	1332
전라남도	4600	광양시	92480	59513	58653	860	32967	한나라당	3364
전라남도	4600	담양군	40977	26692	26025	667	14285	한나라당	605
전라남도	4600	장성군	40320	25718	25009	709	14602	한나라당	810
전라남도	4600	곡성군	28297	19432	18702	730	8865	한나라당	501
전라남도	4600	구례군	24275	16033	15635	398	8242	한나라당	459
전라남도	4600	고흥군	72610	50388	48381	2007	22222	한나라당	1462
전라남도	4600	보성군	44584	31869	30488	1381	12715	한나라당	1026
전라남도	4600	화순군	57167	35657	34800	857	21510	한나라당	711
전라남도	4600	장흥군	36996	24584	23734	850	12412	한나라당	744
전라남도	4600	강진군	35053	23394	22623	771	11659	한나라당	824
전라남도	4600	완도군	47987	32461	31180	1281	15526	한나라당	811
전라남도	4600	해남군	69460	44948	43331	1617	24512	한나라당	1202
전라남도	4600	진도군	30103	19297	18497	800	10806	한나라당	562
전라남도	4600	영암군	47676	29338	28545	793	18338	한나라당	860
전라남도	4600	무안군	49981	32441	31458	983	17540	한나라당	1475
전라남도	4600	영광군	49017	33549	32622	927	15468	한나라당	853
전라남도	4600	함평군	33200	21949	21334	615	11251	한나라당	454
전라남도	4600	신안군	40166	25697	24670	1027	14469	한나라당	832
전라남도	4600	목포시	171129	96956	95406	1550	74173	새천년민주당	38456
전라남도	4600	여수시	222843	132133	129754	2379	90710	새천년민주당	31111
전라남도	4600	순천시	187972	117085	115167	1918	70887	새천년민주당	33002
전라남도	4600	나주시	79352	53231	51440	1791	26121	새천년민주당	17026
전라남도	4600	광양시	92480	59513	58653	860	32967	새천년민주당	12690
전라남도	4600	담양군	40977	26692	26025	667	14285	새천년민주당	8796
전라남도	4600	장성군	40320	25718	25009	709	14602	새천년민주당	9560
전라남도	4600	곡성군	28297	19432	18702	730	8865	새천년민주당	6730
전라남도	4600	구례군	24275	16033	15635	398	8242	새천년민주당	4582
전라남도	4600	고흥군	72610	50388	48381	2007	22222	새천년민주당	19107
전라남도	4600	보성군	44584	31869	30488	1381	12715	새천년민주당	9968
전라남도	4600	화순군	57167	35657	34800	857	21510	새천년민주당	9564
전라남도	4600	장흥군	36996	24584	23734	850	12412	새천년민주당	9521
전라남도	4600	강진군	35053	23394	22623	771	11659	새천년민주당	9352
전라남도	4600	완도군	47987	32461	31180	1281	15526	새천년민주당	11439
전라남도	4600	해남군	69460	44948	43331	1617	24512	새천년민주당	18056
전라남도	4600	진도군	30103	19297	18497	800	10806	새천년민주당	8489
전라남도	4600	영암군	47676	29338	28545	793	18338	새천년민주당	9069
전라남도	4600	무안군	49981	32441	31458	983	17540	새천년민주당	13001
전라남도	4600	영광군	49017	33549	32622	927	15468	새천년민주당	11914
전라남도	4600	함평군	33200	21949	21334	615	11251	새천년민주당	9592
전라남도	4600	신안군	40166	25697	24670	1027	14469	새천년민주당	12371
전라남도	4600	목포시	171129	96956	95406	1550	74173	열린우리당	40594
전라남도	4600	여수시	222843	132133	129754	2379	90710	열린우리당	71872
전라남도	4600	순천시	187972	117085	115167	1918	70887	열린우리당	59888
전라남도	4600	나주시	79352	53231	51440	1791	26121	열린우리당	21193
전라남도	4600	광양시	92480	59513	58653	860	32967	열린우리당	31232
전라남도	4600	담양군	40977	26692	26025	667	14285	열린우리당	13147
전라남도	4600	장성군	40320	25718	25009	709	14602	열린우리당	11676
전라남도	4600	곡성군	28297	19432	18702	730	8865	열린우리당	8655
전라남도	4600	구례군	24275	16033	15635	398	8242	열린우리당	8182
전라남도	4600	고흥군	72610	50388	48381	2007	22222	열린우리당	20795
전라남도	4600	보성군	44584	31869	30488	1381	12715	열린우리당	11257
전라남도	4600	화순군	57167	35657	34800	857	21510	열린우리당	18692
전라남도	4600	장흥군	36996	24584	23734	850	12412	열린우리당	8832
전라남도	4600	강진군	35053	23394	22623	771	11659	열린우리당	9402
전라남도	4600	완도군	47987	32461	31180	1281	15526	열린우리당	15219
전라남도	4600	해남군	69460	44948	43331	1617	24512	열린우리당	17482
전라남도	4600	진도군	30103	19297	18497	800	10806	열린우리당	6607
전라남도	4600	영암군	47676	29338	28545	793	18338	열린우리당	13442
전라남도	4600	무안군	49981	32441	31458	983	17540	열린우리당	12939
전라남도	4600	영광군	49017	33549	32622	927	15468	열린우리당	15528
전라남도	4600	함평군	33200	21949	21334	615	11251	열린우리당	8293
전라남도	4600	신안군	40166	25697	24670	1027	14469	열린우리당	8288
전라남도	4600	목포시	171129	96956	95406	1550	74173	자민련	409
전라남도	4600	여수시	222843	132133	129754	2379	90710	자민련	904
전라남도	4600	순천시	187972	117085	115167	1918	70887	자민련	574
전라남도	4600	나주시	79352	53231	51440	1791	26121	자민련	442
전라남도	4600	광양시	92480	59513	58653	860	32967	자민련	443
전라남도	4600	담양군	40977	26692	26025	667	14285	자민련	210
전라남도	4600	장성군	40320	25718	25009	709	14602	자민련	242
전라남도	4600	곡성군	28297	19432	18702	730	8865	자민련	189
전라남도	4600	구례군	24275	16033	15635	398	8242	자민련	181
전라남도	4600	고흥군	72610	50388	48381	2007	22222	자민련	782
전라남도	4600	보성군	44584	31869	30488	1381	12715	자민련	2097
전라남도	4600	화순군	57167	35657	34800	857	21510	자민련	298
전라남도	4600	장흥군	36996	24584	23734	850	12412	자민련	261
전라남도	4600	강진군	35053	23394	22623	771	11659	자민련	266
전라남도	4600	완도군	47987	32461	31180	1281	15526	자민련	262
전라남도	4600	해남군	69460	44948	43331	1617	24512	자민련	396
전라남도	4600	진도군	30103	19297	18497	800	10806	자민련	212
전라남도	4600	영암군	47676	29338	28545	793	18338	자민련	244
전라남도	4600	무안군	49981	32441	31458	983	17540	자민련	202
전라남도	4600	영광군	49017	33549	32622	927	15468	자민련	267
전라남도	4600	함평군	33200	21949	21334	615	11251	자민련	245
전라남도	4600	신안군	40166	25697	24670	1027	14469	자민련	194
전라남도	4600	목포시	171129	96956	95406	1550	74173	국민통합21	418
전라남도	4600	여수시	222843	132133	129754	2379	90710	국민통합21	570
전라남도	4600	순천시	187972	117085	115167	1918	70887	국민통합21	327
전라남도	4600	나주시	79352	53231	51440	1791	26121	국민통합21	2611
전라남도	4600	광양시	92480	59513	58653	860	32967	국민통합21	178
전라남도	4600	담양군	40977	26692	26025	667	14285	국민통합21	127
전라남도	4600	장성군	40320	25718	25009	709	14602	국민통합21	107
전라남도	4600	곡성군	28297	19432	18702	730	8865	국민통합21	158
전라남도	4600	구례군	24275	16033	15635	398	8242	국민통합21	72
전라남도	4600	고흥군	72610	50388	48381	2007	22222	국민통합21	510
전라남도	4600	보성군	44584	31869	30488	1381	12715	국민통합21	336
전라남도	4600	화순군	57167	35657	34800	857	21510	국민통합21	728
전라남도	4600	장흥군	36996	24584	23734	850	12412	국민통합21	229
전라남도	4600	강진군	35053	23394	22623	771	11659	국민통합21	127
전라남도	4600	완도군	47987	32461	31180	1281	15526	국민통합21	159
전라남도	4600	해남군	69460	44948	43331	1617	24512	국민통합21	255
전라남도	4600	진도군	30103	19297	18497	800	10806	국민통합21	140
전라남도	4600	영암군	47676	29338	28545	793	18338	국민통합21	316
전라남도	4600	무안군	49981	32441	31458	983	17540	국민통합21	114
전라남도	4600	영광군	49017	33549	32622	927	15468	국민통합21	169
전라남도	4600	함평군	33200	21949	21334	615	11251	국민통합21	99
전라남도	4600	신안군	40166	25697	24670	1027	14469	국민통합21	153
전라남도	4600	목포시	171129	96956	95406	1550	74173	가자희망2080	68
전라남도	4600	여수시	222843	132133	129754	2379	90710	가자희망2080	127
전라남도	4600	순천시	187972	117085	115167	1918	70887	가자희망2080	241
전라남도	4600	나주시	79352	53231	51440	1791	26121	가자희망2080	100
전라남도	4600	광양시	92480	59513	58653	860	32967	가자희망2080	38
전라남도	4600	담양군	40977	26692	26025	667	14285	가자희망2080	23
전라남도	4600	장성군	40320	25718	25009	709	14602	가자희망2080	28
전라남도	4600	곡성군	28297	19432	18702	730	8865	가자희망2080	16
전라남도	4600	구례군	24275	16033	15635	398	8242	가자희망2080	38
전라남도	4600	고흥군	72610	50388	48381	2007	22222	가자희망2080	146
전라남도	4600	보성군	44584	31869	30488	1381	12715	가자희망2080	86
전라남도	4600	화순군	57167	35657	34800	857	21510	가자희망2080	44
전라남도	4600	장흥군	36996	24584	23734	850	12412	가자희망2080	309
전라남도	4600	강진군	35053	23394	22623	771	11659	가자희망2080	22
전라남도	4600	완도군	47987	32461	31180	1281	15526	가자희망2080	44
전라남도	4600	해남군	69460	44948	43331	1617	24512	가자희망2080	41
전라남도	4600	진도군	30103	19297	18497	800	10806	가자희망2080	20
전라남도	4600	영암군	47676	29338	28545	793	18338	가자희망2080	85
전라남도	4600	무안군	49981	32441	31458	983	17540	가자희망2080	41
전라남도	4600	영광군	49017	33549	32622	927	15468	가자희망2080	38
전라남도	4600	함평군	33200	21949	21334	615	11251	가자희망2080	26
전라남도	4600	신안군	40166	25697	24670	1027	14469	가자희망2080	40
전라남도	4600	목포시	171129	96956	95406	1550	74173	공화당	49
전라남도	4600	여수시	222843	132133	129754	2379	90710	공화당	129
전라남도	4600	순천시	187972	117085	115167	1918	70887	공화당	767
전라남도	4600	나주시	79352	53231	51440	1791	26121	공화당	123
전라남도	4600	광양시	92480	59513	58653	860	32967	공화당	43
전라남도	4600	담양군	40977	26692	26025	667	14285	공화당	43
전라남도	4600	장성군	40320	25718	25009	709	14602	공화당	40
전라남도	4600	곡성군	28297	19432	18702	730	8865	공화당	29
전라남도	4600	구례군	24275	16033	15635	398	8242	공화당	60
전라남도	4600	고흥군	72610	50388	48381	2007	22222	공화당	107
전라남도	4600	보성군	44584	31869	30488	1381	12715	공화당	140
전라남도	4600	화순군	57167	35657	34800	857	21510	공화당	53
전라남도	4600	장흥군	36996	24584	23734	850	12412	공화당	224
전라남도	4600	강진군	35053	23394	22623	771	11659	공화당	36
전라남도	4600	완도군	47987	32461	31180	1281	15526	공화당	57
전라남도	4600	해남군	69460	44948	43331	1617	24512	공화당	97
전라남도	4600	진도군	30103	19297	18497	800	10806	공화당	47
전라남도	4600	영암군	47676	29338	28545	793	18338	공화당	151
전라남도	4600	무안군	49981	32441	31458	983	17540	공화당	59
전라남도	4600	영광군	49017	33549	32622	927	15468	공화당	49
전라남도	4600	함평군	33200	21949	21334	615	11251	공화당	32
전라남도	4600	신안군	40166	25697	24670	1027	14469	공화당	59
전라남도	4600	목포시	171129	96956	95406	1550	74173	구국총연합	28
전라남도	4600	여수시	222843	132133	129754	2379	90710	구국총연합	66
전라남도	4600	순천시	187972	117085	115167	1918	70887	구국총연합	58
전라남도	4600	나주시	79352	53231	51440	1791	26121	구국총연합	85
전라남도	4600	광양시	92480	59513	58653	860	32967	구국총연합	18
전라남도	4600	담양군	40977	26692	26025	667	14285	구국총연합	28
전라남도	4600	장성군	40320	25718	25009	709	14602	구국총연합	24
전라남도	4600	곡성군	28297	19432	18702	730	8865	구국총연합	19
전라남도	4600	구례군	24275	16033	15635	398	8242	구국총연합	16
전라남도	4600	고흥군	72610	50388	48381	2007	22222	구국총연합	122
전라남도	4600	보성군	44584	31869	30488	1381	12715	구국총연합	162
전라남도	4600	화순군	57167	35657	34800	857	21510	구국총연합	43
전라남도	4600	장흥군	36996	24584	23734	850	12412	구국총연합	41
전라남도	4600	강진군	35053	23394	22623	771	11659	구국총연합	29
전라남도	4600	완도군	47987	32461	31180	1281	15526	구국총연합	28
전라남도	4600	해남군	69460	44948	43331	1617	24512	구국총연합	46
전라남도	4600	진도군	30103	19297	18497	800	10806	구국총연합	23
전라남도	4600	영암군	47676	29338	28545	793	18338	구국총연합	27
전라남도	4600	무안군	49981	32441	31458	983	17540	구국총연합	31
전라남도	4600	영광군	49017	33549	32622	927	15468	구국총연합	28
전라남도	4600	함평군	33200	21949	21334	615	11251	구국총연합	12
전라남도	4600	신안군	40166	25697	24670	1027	14469	구국총연합	40
전라남도	4600	목포시	171129	96956	95406	1550	74173	기독당	854
전라남도	4600	여수시	222843	132133	129754	2379	90710	기독당	1543
전라남도	4600	순천시	187972	117085	115167	1918	70887	기독당	1040
전라남도	4600	나주시	79352	53231	51440	1791	26121	기독당	402
전라남도	4600	광양시	92480	59513	58653	860	32967	기독당	519
전라남도	4600	담양군	40977	26692	26025	667	14285	기독당	147
전라남도	4600	장성군	40320	25718	25009	709	14602	기독당	142
전라남도	4600	곡성군	28297	19432	18702	730	8865	기독당	137
전라남도	4600	구례군	24275	16033	15635	398	8242	기독당	121
전라남도	4600	고흥군	72610	50388	48381	2007	22222	기독당	452
전라남도	4600	보성군	44584	31869	30488	1381	12715	기독당	398
전라남도	4600	화순군	57167	35657	34800	857	21510	기독당	261
전라남도	4600	장흥군	36996	24584	23734	850	12412	기독당	274
전라남도	4600	강진군	35053	23394	22623	771	11659	기독당	165
전라남도	4600	완도군	47987	32461	31180	1281	15526	기독당	284
전라남도	4600	해남군	69460	44948	43331	1617	24512	기독당	357
전라남도	4600	진도군	30103	19297	18497	800	10806	기독당	165
전라남도	4600	영암군	47676	29338	28545	793	18338	기독당	236
전라남도	4600	무안군	49981	32441	31458	983	17540	기독당	263
전라남도	4600	영광군	49017	33549	32622	927	15468	기독당	206
전라남도	4600	함평군	33200	21949	21334	615	11251	기독당	183
전라남도	4600	신안군	40166	25697	24670	1027	14469	기독당	230
전라남도	4600	목포시	171129	96956	95406	1550	74173	노년권익보호당	113
전라남도	4600	여수시	222843	132133	129754	2379	90710	노년권익보호당	206
전라남도	4600	순천시	187972	117085	115167	1918	70887	노년권익보호당	157
전라남도	4600	나주시	79352	53231	51440	1791	26121	노년권익보호당	177
전라남도	4600	광양시	92480	59513	58653	860	32967	노년권익보호당	90
전라남도	4600	담양군	40977	26692	26025	667	14285	노년권익보호당	52
전라남도	4600	장성군	40320	25718	25009	709	14602	노년권익보호당	42
전라남도	4600	곡성군	28297	19432	18702	730	8865	노년권익보호당	38
전라남도	4600	구례군	24275	16033	15635	398	8242	노년권익보호당	28
전라남도	4600	고흥군	72610	50388	48381	2007	22222	노년권익보호당	101
전라남도	4600	보성군	44584	31869	30488	1381	12715	노년권익보호당	116
전라남도	4600	화순군	57167	35657	34800	857	21510	노년권익보호당	59
전라남도	4600	장흥군	36996	24584	23734	850	12412	노년권익보호당	53
전라남도	4600	강진군	35053	23394	22623	771	11659	노년권익보호당	30
전라남도	4600	완도군	47987	32461	31180	1281	15526	노년권익보호당	49
전라남도	4600	해남군	69460	44948	43331	1617	24512	노년권익보호당	69
전라남도	4600	진도군	30103	19297	18497	800	10806	노년권익보호당	43
전라남도	4600	영암군	47676	29338	28545	793	18338	노년권익보호당	44
전라남도	4600	무안군	49981	32441	31458	983	17540	노년권익보호당	60
전라남도	4600	영광군	49017	33549	32622	927	15468	노년권익보호당	65
전라남도	4600	함평군	33200	21949	21334	615	11251	노년권익보호당	38
전라남도	4600	신안군	40166	25697	24670	1027	14469	노년권익보호당	41
전라남도	4600	목포시	171129	96956	95406	1550	74173	녹색사민당	730
전라남도	4600	여수시	222843	132133	129754	2379	90710	녹색사민당	957
전라남도	4600	순천시	187972	117085	115167	1918	70887	녹색사민당	519
전라남도	4600	나주시	79352	53231	51440	1791	26121	녹색사민당	281
전라남도	4600	광양시	92480	59513	58653	860	32967	녹색사민당	315
전라남도	4600	담양군	40977	26692	26025	667	14285	녹색사민당	93
전라남도	4600	장성군	40320	25718	25009	709	14602	녹색사민당	91
전라남도	4600	곡성군	28297	19432	18702	730	8865	녹색사민당	49
전라남도	4600	구례군	24275	16033	15635	398	8242	녹색사민당	59
전라남도	4600	고흥군	72610	50388	48381	2007	22222	녹색사민당	215
전라남도	4600	보성군	44584	31869	30488	1381	12715	녹색사민당	238
전라남도	4600	화순군	57167	35657	34800	857	21510	녹색사민당	201
전라남도	4600	장흥군	36996	24584	23734	850	12412	녹색사민당	112
전라남도	4600	강진군	35053	23394	22623	771	11659	녹색사민당	76
전라남도	4600	완도군	47987	32461	31180	1281	15526	녹색사민당	124
전라남도	4600	해남군	69460	44948	43331	1617	24512	녹색사민당	160
전라남도	4600	진도군	30103	19297	18497	800	10806	녹색사민당	68
전라남도	4600	영암군	47676	29338	28545	793	18338	녹색사민당	104
전라남도	4600	무안군	49981	32441	31458	983	17540	녹색사민당	111
전라남도	4600	영광군	49017	33549	32622	927	15468	녹색사민당	194
전라남도	4600	함평군	33200	21949	21334	615	11251	녹색사민당	82
전라남도	4600	신안군	40166	25697	24670	1027	14469	녹색사민당	73
전라남도	4600	목포시	171129	96956	95406	1550	74173	민주노동당	11091
전라남도	4600	여수시	222843	132133	129754	2379	90710	민주노동당	17800
전라남도	4600	순천시	187972	117085	115167	1918	70887	민주노동당	15145
전라남도	4600	나주시	79352	53231	51440	1791	26121	민주노동당	6602
전라남도	4600	광양시	92480	59513	58653	860	32967	민주노동당	9385
전라남도	4600	담양군	40977	26692	26025	667	14285	민주노동당	2379
전라남도	4600	장성군	40320	25718	25009	709	14602	민주노동당	1921
전라남도	4600	곡성군	28297	19432	18702	730	8865	민주노동당	1830
전라남도	4600	구례군	24275	16033	15635	398	8242	민주노동당	1616
전라남도	4600	고흥군	72610	50388	48381	2007	22222	민주노동당	3607
전라남도	4600	보성군	44584	31869	30488	1381	12715	민주노동당	3915
전라남도	4600	화순군	57167	35657	34800	857	21510	민주노동당	3697
전라남도	4600	장흥군	36996	24584	23734	850	12412	민주노동당	2606
전라남도	4600	강진군	35053	23394	22623	771	11659	민주노동당	1953
전라남도	4600	완도군	47987	32461	31180	1281	15526	민주노동당	2126
전라남도	4600	해남군	69460	44948	43331	1617	24512	민주노동당	4348
전라남도	4600	진도군	30103	19297	18497	800	10806	민주노동당	1631
전라남도	4600	영암군	47676	29338	28545	793	18338	민주노동당	3601
전라남도	4600	무안군	49981	32441	31458	983	17540	민주노동당	2533
전라남도	4600	영광군	49017	33549	32622	927	15468	민주노동당	2747
전라남도	4600	함평군	33200	21949	21334	615	11251	민주노동당	1941
전라남도	4600	신안군	40166	25697	24670	1027	14469	민주노동당	1535
전라남도	4600	목포시	171129	96956	95406	1550	74173	민주화합당	590
전라남도	4600	여수시	222843	132133	129754	2379	90710	민주화합당	655
전라남도	4600	순천시	187972	117085	115167	1918	70887	민주화합당	510
전라남도	4600	나주시	79352	53231	51440	1791	26121	민주화합당	725
전라남도	4600	광양시	92480	59513	58653	860	32967	민주화합당	224
전라남도	4600	담양군	40977	26692	26025	667	14285	민주화합당	250
전라남도	4600	장성군	40320	25718	25009	709	14602	민주화합당	226
전라남도	4600	곡성군	28297	19432	18702	730	8865	민주화합당	213
전라남도	4600	구례군	24275	16033	15635	398	8242	민주화합당	150
전라남도	4600	고흥군	72610	50388	48381	2007	22222	민주화합당	695
전라남도	4600	보성군	44584	31869	30488	1381	12715	민주화합당	546
전라남도	4600	화순군	57167	35657	34800	857	21510	민주화합당	288
전라남도	4600	장흥군	36996	24584	23734	850	12412	민주화합당	402
전라남도	4600	강진군	35053	23394	22623	771	11659	민주화합당	242
전라남도	4600	완도군	47987	32461	31180	1281	15526	민주화합당	421
전라남도	4600	해남군	69460	44948	43331	1617	24512	민주화합당	624
전라남도	4600	진도군	30103	19297	18497	800	10806	민주화합당	350
전라남도	4600	영암군	47676	29338	28545	793	18338	민주화합당	248
전라남도	4600	무안군	49981	32441	31458	983	17540	민주화합당	480
전라남도	4600	영광군	49017	33549	32622	927	15468	민주화합당	435
전라남도	4600	함평군	33200	21949	21334	615	11251	민주화합당	239
전라남도	4600	신안군	40166	25697	24670	1027	14469	민주화합당	634
전라남도	4600	목포시	171129	96956	95406	1550	74173	사회당	160
전라남도	4600	여수시	222843	132133	129754	2379	90710	사회당	237
전라남도	4600	순천시	187972	117085	115167	1918	70887	사회당	224
전라남도	4600	나주시	79352	53231	51440	1791	26121	사회당	341
전라남도	4600	광양시	92480	59513	58653	860	32967	사회당	114
전라남도	4600	담양군	40977	26692	26025	667	14285	사회당	125
전라남도	4600	장성군	40320	25718	25009	709	14602	사회당	100
전라남도	4600	곡성군	28297	19432	18702	730	8865	사회당	138
전라남도	4600	구례군	24275	16033	15635	398	8242	사회당	71
전라남도	4600	고흥군	72610	50388	48381	2007	22222	사회당	280
전라남도	4600	보성군	44584	31869	30488	1381	12715	사회당	203
전라남도	4600	화순군	57167	35657	34800	857	21510	사회당	161
전라남도	4600	장흥군	36996	24584	23734	850	12412	사회당	126
전라남도	4600	강진군	35053	23394	22623	771	11659	사회당	99
전라남도	4600	완도군	47987	32461	31180	1281	15526	사회당	157
전라남도	4600	해남군	69460	44948	43331	1617	24512	사회당	198
전라남도	4600	진도군	30103	19297	18497	800	10806	사회당	140
전라남도	4600	영암군	47676	29338	28545	793	18338	사회당	118
전라남도	4600	무안군	49981	32441	31458	983	17540	사회당	149
전라남도	4600	영광군	49017	33549	32622	927	15468	사회당	129
전라남도	4600	함평군	33200	21949	21334	615	11251	사회당	98
전라남도	4600	신안군	40166	25697	24670	1027	14469	사회당	180
경상북도	4700	포항시북구	180925	110813	109053	1760	70112	한나라당	62674
경상북도	4700	포항시남구	187980	114628	112914	1714	73352	한나라당	58420
경상북도	4700	울릉군	7259	5219	5107	112	2040	한나라당	2954
경상북도	4700	경주시	209781	128117	125464	2653	81664	한나라당	74473
경상북도	4700	김천시	110441	68248	66555	1693	42193	한나라당	43442
경상북도	4700	안동시	134243	83138	81375	1763	51105	한나라당	47238
경상북도	4700	구미시	242896	135620	133935	1685	107276	한나라당	72390
경상북도	4700	영주시	94035	62740	61488	1252	31295	한나라당	38665
경상북도	4700	영천시	87643	55110	53684	1426	32533	한나라당	28625
경상북도	4700	상주시	90215	59097	56984	2113	31118	한나라당	36496
경상북도	4700	문경시	63474	42206	41099	1107	21268	한나라당	27480
경상북도	4700	예천군	43544	29894	28595	1299	13650	한나라당	17537
경상북도	4700	경산시	158727	88930	87691	1239	69797	한나라당	51512
경상북도	4700	청도군	40398	25076	24204	872	15322	한나라당	15597
경상북도	4700	고령군	27874	17078	16473	605	10796	한나라당	9851
경상북도	4700	성주군	38832	23461	22658	803	15371	한나라당	13512
경상북도	4700	군위군	24101	16459	15898	561	7642	한나라당	10000
경상북도	4700	의성군	56585	38781	37580	1201	17804	한나라당	22877
경상북도	4700	칠곡군	77012	42938	41968	970	34074	한나라당	23173
경상북도	4700	청송군	25089	16105	15672	433	8984	한나라당	9053
경상북도	4700	영양군	16903	11384	10933	451	5519	한나라당	5786
경상북도	4700	영덕군	38063	23644	22745	899	14419	한나라당	14025
경상북도	4700	봉화군	31404	21254	20534	720	10150	한나라당	11329
경상북도	4700	울진군	46379	30692	29373	1319	15687	한나라당	15814
경상북도	4700	포항시북구	180925	110813	109053	1760	70112	새천년민주당	1347
경상북도	4700	포항시남구	187980	114628	112914	1714	73352	새천년민주당	1594
경상북도	4700	울릉군	7259	5219	5107	112	2040	새천년민주당	71
경상북도	4700	경주시	209781	128117	125464	2653	81664	새천년민주당	1608
경상북도	4700	김천시	110441	68248	66555	1693	42193	새천년민주당	880
경상북도	4700	안동시	134243	83138	81375	1763	51105	새천년민주당	1176
경상북도	4700	구미시	242896	135620	133935	1685	107276	새천년민주당	1429
경상북도	4700	영주시	94035	62740	61488	1252	31295	새천년민주당	694
경상북도	4700	영천시	87643	55110	53684	1426	32533	새천년민주당	822
경상북도	4700	상주시	90215	59097	56984	2113	31118	새천년민주당	964
경상북도	4700	문경시	63474	42206	41099	1107	21268	새천년민주당	633
경상북도	4700	예천군	43544	29894	28595	1299	13650	새천년민주당	506
경상북도	4700	경산시	158727	88930	87691	1239	69797	새천년민주당	1058
경상북도	4700	청도군	40398	25076	24204	872	15322	새천년민주당	395
경상북도	4700	고령군	27874	17078	16473	605	10796	새천년민주당	250
경상북도	4700	성주군	38832	23461	22658	803	15371	새천년민주당	385
경상북도	4700	군위군	24101	16459	15898	561	7642	새천년민주당	231
경상북도	4700	의성군	56585	38781	37580	1201	17804	새천년민주당	539
경상북도	4700	칠곡군	77012	42938	41968	970	34074	새천년민주당	519
경상북도	4700	청송군	25089	16105	15672	433	8984	새천년민주당	228
경상북도	4700	영양군	16903	11384	10933	451	5519	새천년민주당	194
경상북도	4700	영덕군	38063	23644	22745	899	14419	새천년민주당	400
경상북도	4700	봉화군	31404	21254	20534	720	10150	새천년민주당	441
경상북도	4700	울진군	46379	30692	29373	1319	15687	새천년민주당	762
경상북도	4700	포항시북구	180925	110813	109053	1760	70112	열린우리당	24706
경상북도	4700	포항시남구	187980	114628	112914	1714	73352	열린우리당	30221
경상북도	4700	울릉군	7259	5219	5107	112	2040	열린우리당	1581
경상북도	4700	경주시	209781	128117	125464	2653	81664	열린우리당	25456
경상북도	4700	김천시	110441	68248	66555	1693	42193	열린우리당	12889
경상북도	4700	안동시	134243	83138	81375	1763	51105	열린우리당	18927
경상북도	4700	구미시	242896	135620	133935	1685	107276	열린우리당	34581
경상북도	4700	영주시	94035	62740	61488	1252	31295	열린우리당	13217
경상북도	4700	영천시	87643	55110	53684	1426	32533	열린우리당	13869
경상북도	4700	상주시	90215	59097	56984	2113	31118	열린우리당	11625
경상북도	4700	문경시	63474	42206	41099	1107	21268	열린우리당	7142
경상북도	4700	예천군	43544	29894	28595	1299	13650	열린우리당	5175
경상북도	4700	경산시	158727	88930	87691	1239	69797	열린우리당	20750
경상북도	4700	청도군	40398	25076	24204	872	15322	열린우리당	5103
경상북도	4700	고령군	27874	17078	16473	605	10796	열린우리당	4067
경상북도	4700	성주군	38832	23461	22658	803	15371	열린우리당	5925
경상북도	4700	군위군	24101	16459	15898	561	7642	열린우리당	3231
경상북도	4700	의성군	56585	38781	37580	1201	17804	열린우리당	7326
경상북도	4700	칠곡군	77012	42938	41968	970	34074	열린우리당	10983
경상북도	4700	청송군	25089	16105	15672	433	8984	열린우리당	3646
경상북도	4700	영양군	16903	11384	10933	451	5519	열린우리당	2649
경상북도	4700	영덕군	38063	23644	22745	899	14419	열린우리당	4674
경상북도	4700	봉화군	31404	21254	20534	720	10150	열린우리당	5002
경상북도	4700	울진군	46379	30692	29373	1319	15687	열린우리당	7700
경상북도	4700	포항시북구	180925	110813	109053	1760	70112	자민련	918
경상북도	4700	포항시남구	187980	114628	112914	1714	73352	자민련	1092
경상북도	4700	울릉군	7259	5219	5107	112	2040	자민련	36
경상북도	4700	경주시	209781	128117	125464	2653	81664	자민련	1235
경상북도	4700	김천시	110441	68248	66555	1693	42193	자민련	1177
경상북도	4700	안동시	134243	83138	81375	1763	51105	자민련	1201
경상북도	4700	구미시	242896	135620	133935	1685	107276	자민련	1586
경상북도	4700	영주시	94035	62740	61488	1252	31295	자민련	482
경상북도	4700	영천시	87643	55110	53684	1426	32533	자민련	552
경상북도	4700	상주시	90215	59097	56984	2113	31118	자민련	502
경상북도	4700	문경시	63474	42206	41099	1107	21268	자민련	624
경상북도	4700	예천군	43544	29894	28595	1299	13650	자민련	476
경상북도	4700	경산시	158727	88930	87691	1239	69797	자민련	666
경상북도	4700	청도군	40398	25076	24204	872	15322	자민련	321
경상북도	4700	고령군	27874	17078	16473	605	10796	자민련	155
경상북도	4700	성주군	38832	23461	22658	803	15371	자민련	155
경상북도	4700	군위군	24101	16459	15898	561	7642	자민련	187
경상북도	4700	의성군	56585	38781	37580	1201	17804	자민련	811
경상북도	4700	칠곡군	77012	42938	41968	970	34074	자민련	334
경상북도	4700	청송군	25089	16105	15672	433	8984	자민련	213
경상북도	4700	영양군	16903	11384	10933	451	5519	자민련	391
경상북도	4700	영덕군	38063	23644	22745	899	14419	자민련	278
경상북도	4700	봉화군	31404	21254	20534	720	10150	자민련	291
경상북도	4700	울진군	46379	30692	29373	1319	15687	자민련	491
경상북도	4700	포항시북구	180925	110813	109053	1760	70112	국민통합21	792
경상북도	4700	포항시남구	187980	114628	112914	1714	73352	국민통합21	416
경상북도	4700	울릉군	7259	5219	5107	112	2040	국민통합21	16
경상북도	4700	경주시	209781	128117	125464	2653	81664	국민통합21	555
경상북도	4700	김천시	110441	68248	66555	1693	42193	국민통합21	204
경상북도	4700	안동시	134243	83138	81375	1763	51105	국민통합21	585
경상북도	4700	구미시	242896	135620	133935	1685	107276	국민통합21	337
경상북도	4700	영주시	94035	62740	61488	1252	31295	국민통합21	446
경상북도	4700	영천시	87643	55110	53684	1426	32533	국민통합21	673
경상북도	4700	상주시	90215	59097	56984	2113	31118	국민통합21	206
경상북도	4700	문경시	63474	42206	41099	1107	21268	국민통합21	992
경상북도	4700	예천군	43544	29894	28595	1299	13650	국민통합21	1207
경상북도	4700	경산시	158727	88930	87691	1239	69797	국민통합21	404
경상북도	4700	청도군	40398	25076	24204	872	15322	국민통합21	174
경상북도	4700	고령군	27874	17078	16473	605	10796	국민통합21	65
경상북도	4700	성주군	38832	23461	22658	803	15371	국민통합21	74
경상북도	4700	군위군	24101	16459	15898	561	7642	국민통합21	81
경상북도	4700	의성군	56585	38781	37580	1201	17804	국민통합21	354
경상북도	4700	칠곡군	77012	42938	41968	970	34074	국민통합21	112
경상북도	4700	청송군	25089	16105	15672	433	8984	국민통합21	84
경상북도	4700	영양군	16903	11384	10933	451	5519	국민통합21	224
경상북도	4700	영덕군	38063	23644	22745	899	14419	국민통합21	577
경상북도	4700	봉화군	31404	21254	20534	720	10150	국민통합21	408
경상북도	4700	울진군	46379	30692	29373	1319	15687	국민통합21	809
경상북도	4700	포항시북구	180925	110813	109053	1760	70112	가자희망2080	89
경상북도	4700	포항시남구	187980	114628	112914	1714	73352	가자희망2080	369
경상북도	4700	울릉군	7259	5219	5107	112	2040	가자희망2080	12
경상북도	4700	경주시	209781	128117	125464	2653	81664	가자희망2080	1725
경상북도	4700	김천시	110441	68248	66555	1693	42193	가자희망2080	70
경상북도	4700	안동시	134243	83138	81375	1763	51105	가자희망2080	87
경상북도	4700	구미시	242896	135620	133935	1685	107276	가자희망2080	118
경상북도	4700	영주시	94035	62740	61488	1252	31295	가자희망2080	87
경상북도	4700	영천시	87643	55110	53684	1426	32533	가자희망2080	625
경상북도	4700	상주시	90215	59097	56984	2113	31118	가자희망2080	46
경상북도	4700	문경시	63474	42206	41099	1107	21268	가자희망2080	65
경상북도	4700	예천군	43544	29894	28595	1299	13650	가자희망2080	57
경상북도	4700	경산시	158727	88930	87691	1239	69797	가자희망2080	55
경상북도	4700	청도군	40398	25076	24204	872	15322	가자희망2080	22
경상북도	4700	고령군	27874	17078	16473	605	10796	가자희망2080	11
경상북도	4700	성주군	38832	23461	22658	803	15371	가자희망2080	26
경상북도	4700	군위군	24101	16459	15898	561	7642	가자희망2080	35
경상북도	4700	의성군	56585	38781	37580	1201	17804	가자희망2080	152
경상북도	4700	칠곡군	77012	42938	41968	970	34074	가자희망2080	33
경상북도	4700	청송군	25089	16105	15672	433	8984	가자희망2080	55
경상북도	4700	영양군	16903	11384	10933	451	5519	가자희망2080	28
경상북도	4700	영덕군	38063	23644	22745	899	14419	가자희망2080	34
경상북도	4700	봉화군	31404	21254	20534	720	10150	가자희망2080	43
경상북도	4700	울진군	46379	30692	29373	1319	15687	가자희망2080	61
경상북도	4700	포항시북구	180925	110813	109053	1760	70112	공화당	134
경상북도	4700	포항시남구	187980	114628	112914	1714	73352	공화당	101
경상북도	4700	울릉군	7259	5219	5107	112	2040	공화당	6
경상북도	4700	경주시	209781	128117	125464	2653	81664	공화당	369
경상북도	4700	김천시	110441	68248	66555	1693	42193	공화당	101
경상북도	4700	안동시	134243	83138	81375	1763	51105	공화당	147
경상북도	4700	구미시	242896	135620	133935	1685	107276	공화당	104
경상북도	4700	영주시	94035	62740	61488	1252	31295	공화당	72
경상북도	4700	영천시	87643	55110	53684	1426	32533	공화당	106
경상북도	4700	상주시	90215	59097	56984	2113	31118	공화당	83
경상북도	4700	문경시	63474	42206	41099	1107	21268	공화당	76
경상북도	4700	예천군	43544	29894	28595	1299	13650	공화당	93
경상북도	4700	경산시	158727	88930	87691	1239	69797	공화당	76
경상북도	4700	청도군	40398	25076	24204	872	15322	공화당	36
경상북도	4700	고령군	27874	17078	16473	605	10796	공화당	22
경상북도	4700	성주군	38832	23461	22658	803	15371	공화당	23
경상북도	4700	군위군	24101	16459	15898	561	7642	공화당	199
경상북도	4700	의성군	56585	38781	37580	1201	17804	공화당	849
경상북도	4700	칠곡군	77012	42938	41968	970	34074	공화당	49
경상북도	4700	청송군	25089	16105	15672	433	8984	공화당	235
경상북도	4700	영양군	16903	11384	10933	451	5519	공화당	27
경상북도	4700	영덕군	38063	23644	22745	899	14419	공화당	38
경상북도	4700	봉화군	31404	21254	20534	720	10150	공화당	61
경상북도	4700	울진군	46379	30692	29373	1319	15687	공화당	110
경상북도	4700	포항시북구	180925	110813	109053	1760	70112	구국총연합	47
경상북도	4700	포항시남구	187980	114628	112914	1714	73352	구국총연합	37
경상북도	4700	울릉군	7259	5219	5107	112	2040	구국총연합	2
경상북도	4700	경주시	209781	128117	125464	2653	81664	구국총연합	246
경상북도	4700	김천시	110441	68248	66555	1693	42193	구국총연합	31
경상북도	4700	안동시	134243	83138	81375	1763	51105	구국총연합	59
경상북도	4700	구미시	242896	135620	133935	1685	107276	구국총연합	74
경상북도	4700	영주시	94035	62740	61488	1252	31295	구국총연합	36
경상북도	4700	영천시	87643	55110	53684	1426	32533	구국총연합	81
경상북도	4700	상주시	90215	59097	56984	2113	31118	구국총연합	33
경상북도	4700	문경시	63474	42206	41099	1107	21268	구국총연합	40
경상북도	4700	예천군	43544	29894	28595	1299	13650	구국총연합	59
경상북도	4700	경산시	158727	88930	87691	1239	69797	구국총연합	30
경상북도	4700	청도군	40398	25076	24204	872	15322	구국총연합	11
경상북도	4700	고령군	27874	17078	16473	605	10796	구국총연합	21
경상북도	4700	성주군	38832	23461	22658	803	15371	구국총연합	18
경상북도	4700	군위군	24101	16459	15898	561	7642	구국총연합	213
경상북도	4700	의성군	56585	38781	37580	1201	17804	구국총연합	108
경상북도	4700	칠곡군	77012	42938	41968	970	34074	구국총연합	24
경상북도	4700	청송군	25089	16105	15672	433	8984	구국총연합	75
경상북도	4700	영양군	16903	11384	10933	451	5519	구국총연합	14
경상북도	4700	영덕군	38063	23644	22745	899	14419	구국총연합	24
경상북도	4700	봉화군	31404	21254	20534	720	10150	구국총연합	33
경상북도	4700	울진군	46379	30692	29373	1319	15687	구국총연합	39
경상북도	4700	포항시북구	180925	110813	109053	1760	70112	기독당	1122
경상북도	4700	포항시남구	187980	114628	112914	1714	73352	기독당	902
경상북도	4700	울릉군	7259	5219	5107	112	2040	기독당	52
경상북도	4700	경주시	209781	128117	125464	2653	81664	기독당	1008
경상북도	4700	김천시	110441	68248	66555	1693	42193	기독당	719
경상북도	4700	안동시	134243	83138	81375	1763	51105	기독당	718
경상북도	4700	구미시	242896	135620	133935	1685	107276	기독당	1389
경상북도	4700	영주시	94035	62740	61488	1252	31295	기독당	551
경상북도	4700	영천시	87643	55110	53684	1426	32533	기독당	537
경상북도	4700	상주시	90215	59097	56984	2113	31118	기독당	513
경상북도	4700	문경시	63474	42206	41099	1107	21268	기독당	280
경상북도	4700	예천군	43544	29894	28595	1299	13650	기독당	265
경상북도	4700	경산시	158727	88930	87691	1239	69797	기독당	933
경상북도	4700	청도군	40398	25076	24204	872	15322	기독당	186
경상북도	4700	고령군	27874	17078	16473	605	10796	기독당	133
경상북도	4700	성주군	38832	23461	22658	803	15371	기독당	155
경상북도	4700	군위군	24101	16459	15898	561	7642	기독당	146
경상북도	4700	의성군	56585	38781	37580	1201	17804	기독당	361
경상북도	4700	칠곡군	77012	42938	41968	970	34074	기독당	341
경상북도	4700	청송군	25089	16105	15672	433	8984	기독당	146
경상북도	4700	영양군	16903	11384	10933	451	5519	기독당	166
경상북도	4700	영덕군	38063	23644	22745	899	14419	기독당	212
경상북도	4700	봉화군	31404	21254	20534	720	10150	기독당	175
경상북도	4700	울진군	46379	30692	29373	1319	15687	기독당	257
경상북도	4700	포항시북구	180925	110813	109053	1760	70112	노년권익보호당	227
경상북도	4700	포항시남구	187980	114628	112914	1714	73352	노년권익보호당	207
경상북도	4700	울릉군	7259	5219	5107	112	2040	노년권익보호당	5
경상북도	4700	경주시	209781	128117	125464	2653	81664	노년권익보호당	277
경상북도	4700	김천시	110441	68248	66555	1693	42193	노년권익보호당	127
경상북도	4700	안동시	134243	83138	81375	1763	51105	노년권익보호당	183
경상북도	4700	구미시	242896	135620	133935	1685	107276	노년권익보호당	182
경상북도	4700	영주시	94035	62740	61488	1252	31295	노년권익보호당	118
경상북도	4700	영천시	87643	55110	53684	1426	32533	노년권익보호당	198
경상북도	4700	상주시	90215	59097	56984	2113	31118	노년권익보호당	109
경상북도	4700	문경시	63474	42206	41099	1107	21268	노년권익보호당	115
경상북도	4700	예천군	43544	29894	28595	1299	13650	노년권익보호당	95
경상북도	4700	경산시	158727	88930	87691	1239	69797	노년권익보호당	149
경상북도	4700	청도군	40398	25076	24204	872	15322	노년권익보호당	37
경상북도	4700	고령군	27874	17078	16473	605	10796	노년권익보호당	34
경상북도	4700	성주군	38832	23461	22658	803	15371	노년권익보호당	42
경상북도	4700	군위군	24101	16459	15898	561	7642	노년권익보호당	39
경상북도	4700	의성군	56585	38781	37580	1201	17804	노년권익보호당	115
경상북도	4700	칠곡군	77012	42938	41968	970	34074	노년권익보호당	70
경상북도	4700	청송군	25089	16105	15672	433	8984	노년권익보호당	73
경상북도	4700	영양군	16903	11384	10933	451	5519	노년권익보호당	92
경상북도	4700	영덕군	38063	23644	22745	899	14419	노년권익보호당	410
경상북도	4700	봉화군	31404	21254	20534	720	10150	노년권익보호당	89
경상북도	4700	울진군	46379	30692	29373	1319	15687	노년권익보호당	88
경상북도	4700	포항시북구	180925	110813	109053	1760	70112	녹색사민당	852
경상북도	4700	포항시남구	187980	114628	112914	1714	73352	녹색사민당	735
경상북도	4700	울릉군	7259	5219	5107	112	2040	녹색사민당	12
경상북도	4700	경주시	209781	128117	125464	2653	81664	녹색사민당	569
경상북도	4700	김천시	110441	68248	66555	1693	42193	녹색사민당	356
경상북도	4700	안동시	134243	83138	81375	1763	51105	녹색사민당	359
경상북도	4700	구미시	242896	135620	133935	1685	107276	녹색사민당	1768
경상북도	4700	영주시	94035	62740	61488	1252	31295	녹색사민당	212
경상북도	4700	영천시	87643	55110	53684	1426	32533	녹색사민당	466
경상북도	4700	상주시	90215	59097	56984	2113	31118	녹색사민당	197
경상북도	4700	문경시	63474	42206	41099	1107	21268	녹색사민당	215
경상북도	4700	예천군	43544	29894	28595	1299	13650	녹색사민당	152
경상북도	4700	경산시	158727	88930	87691	1239	69797	녹색사민당	402
경상북도	4700	청도군	40398	25076	24204	872	15322	녹색사민당	99
경상북도	4700	고령군	27874	17078	16473	605	10796	녹색사민당	37
경상북도	4700	성주군	38832	23461	22658	803	15371	녹색사민당	65
경상북도	4700	군위군	24101	16459	15898	561	7642	녹색사민당	45
경상북도	4700	의성군	56585	38781	37580	1201	17804	녹색사민당	181
경상북도	4700	칠곡군	77012	42938	41968	970	34074	녹색사민당	658
경상북도	4700	청송군	25089	16105	15672	433	8984	녹색사민당	69
경상북도	4700	영양군	16903	11384	10933	451	5519	녹색사민당	65
경상북도	4700	영덕군	38063	23644	22745	899	14419	녹색사민당	83
경상북도	4700	봉화군	31404	21254	20534	720	10150	녹색사민당	95
경상북도	4700	울진군	46379	30692	29373	1319	15687	녹색사민당	151
경상북도	4700	포항시북구	180925	110813	109053	1760	70112	민주노동당	15596
경상북도	4700	포항시남구	187980	114628	112914	1714	73352	민주노동당	18334
경상북도	4700	울릉군	7259	5219	5107	112	2040	민주노동당	331
경상북도	4700	경주시	209781	128117	125464	2653	81664	민주노동당	17252
경상북도	4700	김천시	110441	68248	66555	1693	42193	민주노동당	5957
경상북도	4700	안동시	134243	83138	81375	1763	51105	민주노동당	10035
경상북도	4700	구미시	242896	135620	133935	1685	107276	민주노동당	19526
경상북도	4700	영주시	94035	62740	61488	1252	31295	민주노동당	6479
경상북도	4700	영천시	87643	55110	53684	1426	32533	민주노동당	6496
경상북도	4700	상주시	90215	59097	56984	2113	31118	민주노동당	5407
경상북도	4700	문경시	63474	42206	41099	1107	21268	민주노동당	2919
경상북도	4700	예천군	43544	29894	28595	1299	13650	민주노동당	2405
경상북도	4700	경산시	158727	88930	87691	1239	69797	민주노동당	11291
경상북도	4700	청도군	40398	25076	24204	872	15322	민주노동당	1910
경상북도	4700	고령군	27874	17078	16473	605	10796	민주노동당	1593
경상북도	4700	성주군	38832	23461	22658	803	15371	민주노동당	2005
경상북도	4700	군위군	24101	16459	15898	561	7642	민주노동당	1197
경상북도	4700	의성군	56585	38781	37580	1201	17804	민주노동당	3459
경상북도	4700	칠곡군	77012	42938	41968	970	34074	민주노동당	5359
경상북도	4700	청송군	25089	16105	15672	433	8984	민주노동당	1573
경상북도	4700	영양군	16903	11384	10933	451	5519	민주노동당	1104
경상북도	4700	영덕군	38063	23644	22745	899	14419	민주노동당	1668
경상북도	4700	봉화군	31404	21254	20534	720	10150	민주노동당	2195
경상북도	4700	울진군	46379	30692	29373	1319	15687	민주노동당	2609
경상북도	4700	포항시북구	180925	110813	109053	1760	70112	민주화합당	168
경상북도	4700	포항시남구	187980	114628	112914	1714	73352	민주화합당	164
경상북도	4700	울릉군	7259	5219	5107	112	2040	민주화합당	9
경상북도	4700	경주시	209781	128117	125464	2653	81664	민주화합당	187
경상북도	4700	김천시	110441	68248	66555	1693	42193	민주화합당	136
경상북도	4700	안동시	134243	83138	81375	1763	51105	민주화합당	200
경상북도	4700	구미시	242896	135620	133935	1685	107276	민주화합당	120
경상북도	4700	영주시	94035	62740	61488	1252	31295	민주화합당	109
경상북도	4700	영천시	87643	55110	53684	1426	32533	민주화합당	191
경상북도	4700	상주시	90215	59097	56984	2113	31118	민주화합당	173
경상북도	4700	문경시	63474	42206	41099	1107	21268	민주화합당	136
경상북도	4700	예천군	43544	29894	28595	1299	13650	민주화합당	149
경상북도	4700	경산시	158727	88930	87691	1239	69797	민주화합당	113
경상북도	4700	청도군	40398	25076	24204	872	15322	민주화합당	67
경상북도	4700	고령군	27874	17078	16473	605	10796	민주화합당	63
경상북도	4700	성주군	38832	23461	22658	803	15371	민주화합당	69
경상북도	4700	군위군	24101	16459	15898	561	7642	민주화합당	73
경상북도	4700	의성군	56585	38781	37580	1201	17804	민주화합당	138
경상북도	4700	칠곡군	77012	42938	41968	970	34074	민주화합당	81
경상북도	4700	청송군	25089	16105	15672	433	8984	민주화합당	56
경상북도	4700	영양군	16903	11384	10933	451	5519	민주화합당	47
경상북도	4700	영덕군	38063	23644	22745	899	14419	민주화합당	79
경상북도	4700	봉화군	31404	21254	20534	720	10150	민주화합당	123
경상북도	4700	울진군	46379	30692	29373	1319	15687	민주화합당	170
경상북도	4700	포항시북구	180925	110813	109053	1760	70112	사회당	381
경상북도	4700	포항시남구	187980	114628	112914	1714	73352	사회당	322
경상북도	4700	울릉군	7259	5219	5107	112	2040	사회당	20
경상북도	4700	경주시	209781	128117	125464	2653	81664	사회당	504
경상북도	4700	김천시	110441	68248	66555	1693	42193	사회당	466
경상북도	4700	안동시	134243	83138	81375	1763	51105	사회당	460
경상북도	4700	구미시	242896	135620	133935	1685	107276	사회당	331
경상북도	4700	영주시	94035	62740	61488	1252	31295	사회당	320
경상북도	4700	영천시	87643	55110	53684	1426	32533	사회당	443
경상북도	4700	상주시	90215	59097	56984	2113	31118	사회당	630
경상북도	4700	문경시	63474	42206	41099	1107	21268	사회당	382
경상북도	4700	예천군	43544	29894	28595	1299	13650	사회당	419
경상북도	4700	경산시	158727	88930	87691	1239	69797	사회당	252
경상북도	4700	청도군	40398	25076	24204	872	15322	사회당	246
경상북도	4700	고령군	27874	17078	16473	605	10796	사회당	171
경상북도	4700	성주군	38832	23461	22658	803	15371	사회당	204
경상북도	4700	군위군	24101	16459	15898	561	7642	사회당	221
경상북도	4700	의성군	56585	38781	37580	1201	17804	사회당	310
경상북도	4700	칠곡군	77012	42938	41968	970	34074	사회당	232
경상북도	4700	청송군	25089	16105	15672	433	8984	사회당	166
경상북도	4700	영양군	16903	11384	10933	451	5519	사회당	146
경상북도	4700	영덕군	38063	23644	22745	899	14419	사회당	243
경상북도	4700	봉화군	31404	21254	20534	720	10150	사회당	249
경상북도	4700	울진군	46379	30692	29373	1319	15687	사회당	312
경상남도	4800	창원시	344522	218444	216564	1880	126078	한나라당	88122
경상남도	4800	마산시	319708	193581	191155	2426	126127	한나라당	101683
경상남도	4800	진주시	245394	156424	153903	2521	88970	한나라당	84319
경상남도	4800	진해시	109240	71225	70029	1196	38015	한나라당	33344
경상남도	4800	통영시	99574	57199	55927	1272	42375	한나라당	30750
경상남도	4800	고성군	46669	29047	28174	873	17622	한나라당	14986
경상남도	4800	사천시	86063	52660	51393	1267	33403	한나라당	27226
경상남도	4800	김해시	281571	166131	164088	2043	115440	한나라당	59250
경상남도	4800	밀양시	90690	56563	55074	1489	34127	한나라당	26280
경상남도	4800	거제시	129772	81567	80279	1288	48205	한나라당	30264
경상남도	4800	의령군	26545	17987	17247	740	8558	한나라당	8802
경상남도	4800	함안군	48764	29245	28520	725	19519	한나라당	15159
경상남도	4800	창녕군	53379	32201	31156	1045	21178	한나라당	15258
경상남도	4800	양산시	148641	86318	85196	1122	62323	한나라당	37528
경상남도	4800	하동군	44450	31977	30714	1263	12473	한나라당	14424
경상남도	4800	남해군	43925	33517	32101	1416	10408	한나라당	16450
경상남도	4800	함양군	33987	22785	22033	752	11202	한나라당	11941
경상남도	4800	산청군	31109	20036	19340	696	11073	한나라당	11009
경상남도	4800	거창군	50921	34336	33208	1128	16585	한나라당	18641
경상남도	4800	합천군	47527	31280	30105	1175	16247	한나라당	15168
경상남도	4800	창원시	344522	218444	216564	1880	126078	새천년민주당	2861
경상남도	4800	마산시	319708	193581	191155	2426	126127	새천년민주당	2072
경상남도	4800	진주시	245394	156424	153903	2521	88970	새천년민주당	1519
경상남도	4800	진해시	109240	71225	70029	1196	38015	새천년민주당	1272
경상남도	4800	통영시	99574	57199	55927	1272	42375	새천년민주당	876
경상남도	4800	고성군	46669	29047	28174	873	17622	새천년민주당	683
경상남도	4800	사천시	86063	52660	51393	1267	33403	새천년민주당	631
경상남도	4800	김해시	281571	166131	164088	2043	115440	새천년민주당	2287
경상남도	4800	밀양시	90690	56563	55074	1489	34127	새천년민주당	650
경상남도	4800	거제시	129772	81567	80279	1288	48205	새천년민주당	1054
경상남도	4800	의령군	26545	17987	17247	740	8558	새천년민주당	269
경상남도	4800	함안군	48764	29245	28520	725	19519	새천년민주당	360
경상남도	4800	창녕군	53379	32201	31156	1045	21178	새천년민주당	432
경상남도	4800	양산시	148641	86318	85196	1122	62323	새천년민주당	1401
경상남도	4800	하동군	44450	31977	30714	1263	12473	새천년민주당	925
경상남도	4800	남해군	43925	33517	32101	1416	10408	새천년민주당	454
경상남도	4800	함양군	33987	22785	22033	752	11202	새천년민주당	424
경상남도	4800	산청군	31109	20036	19340	696	11073	새천년민주당	324
경상남도	4800	거창군	50921	34336	33208	1128	16585	새천년민주당	645
경상남도	4800	합천군	47527	31280	30105	1175	16247	새천년민주당	438
경상남도	4800	창원시	344522	218444	216564	1880	126078	열린우리당	67197
경상남도	4800	마산시	319708	193581	191155	2426	126127	열린우리당	52064
경상남도	4800	진주시	245394	156424	153903	2521	88970	열린우리당	36961
경상남도	4800	진해시	109240	71225	70029	1196	38015	열린우리당	23065
경상남도	4800	통영시	99574	57199	55927	1272	42375	열린우리당	16648
경상남도	4800	고성군	46669	29047	28174	873	17622	열린우리당	8074
경상남도	4800	사천시	86063	52660	51393	1267	33403	열린우리당	13759
경상남도	4800	김해시	281571	166131	164088	2043	115440	열린우리당	75484
경상남도	4800	밀양시	90690	56563	55074	1489	34127	열린우리당	19978
경상남도	4800	거제시	129772	81567	80279	1288	48205	열린우리당	25228
경상남도	4800	의령군	26545	17987	17247	740	8558	열린우리당	4546
경상남도	4800	함안군	48764	29245	28520	725	19519	열린우리당	7749
경상남도	4800	창녕군	53379	32201	31156	1045	21178	열린우리당	10759
경상남도	4800	양산시	148641	86318	85196	1122	62323	열린우리당	29944
경상남도	4800	하동군	44450	31977	30714	1263	12473	열린우리당	10440
경상남도	4800	남해군	43925	33517	32101	1416	10408	열린우리당	11257
경상남도	4800	함양군	33987	22785	22033	752	11202	열린우리당	6203
경상남도	4800	산청군	31109	20036	19340	696	11073	열린우리당	4616
경상남도	4800	거창군	50921	34336	33208	1128	16585	열린우리당	8295
경상남도	4800	합천군	47527	31280	30105	1175	16247	열린우리당	9720
경상남도	4800	창원시	344522	218444	216564	1880	126078	자민련	1307
경상남도	4800	마산시	319708	193581	191155	2426	126127	자민련	1267
경상남도	4800	진주시	245394	156424	153903	2521	88970	자민련	1259
경상남도	4800	진해시	109240	71225	70029	1196	38015	자민련	867
경상남도	4800	통영시	99574	57199	55927	1272	42375	자민련	294
경상남도	4800	고성군	46669	29047	28174	873	17622	자민련	169
경상남도	4800	사천시	86063	52660	51393	1267	33403	자민련	367
경상남도	4800	김해시	281571	166131	164088	2043	115440	자민련	893
경상남도	4800	밀양시	90690	56563	55074	1489	34127	자민련	714
경상남도	4800	거제시	129772	81567	80279	1288	48205	자민련	482
경상남도	4800	의령군	26545	17987	17247	740	8558	자민련	237
경상남도	4800	함안군	48764	29245	28520	725	19519	자민련	328
경상남도	4800	창녕군	53379	32201	31156	1045	21178	자민련	343
경상남도	4800	양산시	148641	86318	85196	1122	62323	자민련	543
경상남도	4800	하동군	44450	31977	30714	1263	12473	자민련	245
경상남도	4800	남해군	43925	33517	32101	1416	10408	자민련	199
경상남도	4800	함양군	33987	22785	22033	752	11202	자민련	578
경상남도	4800	산청군	31109	20036	19340	696	11073	자민련	286
경상남도	4800	거창군	50921	34336	33208	1128	16585	자민련	291
경상남도	4800	합천군	47527	31280	30105	1175	16247	자민련	331
경상남도	4800	창원시	344522	218444	216564	1880	126078	국민통합21	478
경상남도	4800	마산시	319708	193581	191155	2426	126127	국민통합21	720
경상남도	4800	진주시	245394	156424	153903	2521	88970	국민통합21	1002
경상남도	4800	진해시	109240	71225	70029	1196	38015	국민통합21	169
경상남도	4800	통영시	99574	57199	55927	1272	42375	국민통합21	104
경상남도	4800	고성군	46669	29047	28174	873	17622	국민통합21	107
경상남도	4800	사천시	86063	52660	51393	1267	33403	국민통합21	313
경상남도	4800	김해시	281571	166131	164088	2043	115440	국민통합21	527
경상남도	4800	밀양시	90690	56563	55074	1489	34127	국민통합21	362
경상남도	4800	거제시	129772	81567	80279	1288	48205	국민통합21	371
경상남도	4800	의령군	26545	17987	17247	740	8558	국민통합21	99
경상남도	4800	함안군	48764	29245	28520	725	19519	국민통합21	132
경상남도	4800	창녕군	53379	32201	31156	1045	21178	국민통합21	167
경상남도	4800	양산시	148641	86318	85196	1122	62323	국민통합21	374
경상남도	4800	하동군	44450	31977	30714	1263	12473	국민통합21	126
경상남도	4800	남해군	43925	33517	32101	1416	10408	국민통합21	100
경상남도	4800	함양군	33987	22785	22033	752	11202	국민통합21	154
경상남도	4800	산청군	31109	20036	19340	696	11073	국민통합21	135
경상남도	4800	거창군	50921	34336	33208	1128	16585	국민통합21	135
경상남도	4800	합천군	47527	31280	30105	1175	16247	국민통합21	193
경상남도	4800	창원시	344522	218444	216564	1880	126078	가자희망2080	194
경상남도	4800	마산시	319708	193581	191155	2426	126127	가자희망2080	210
경상남도	4800	진주시	245394	156424	153903	2521	88970	가자희망2080	395
경상남도	4800	진해시	109240	71225	70029	1196	38015	가자희망2080	68
경상남도	4800	통영시	99574	57199	55927	1272	42375	가자희망2080	39
경상남도	4800	고성군	46669	29047	28174	873	17622	가자희망2080	37
경상남도	4800	사천시	86063	52660	51393	1267	33403	가자희망2080	67
경상남도	4800	김해시	281571	166131	164088	2043	115440	가자희망2080	102
경상남도	4800	밀양시	90690	56563	55074	1489	34127	가자희망2080	74
경상남도	4800	거제시	129772	81567	80279	1288	48205	가자희망2080	88
경상남도	4800	의령군	26545	17987	17247	740	8558	가자희망2080	48
경상남도	4800	함안군	48764	29245	28520	725	19519	가자희망2080	38
경상남도	4800	창녕군	53379	32201	31156	1045	21178	가자희망2080	30
경상남도	4800	양산시	148641	86318	85196	1122	62323	가자희망2080	424
경상남도	4800	하동군	44450	31977	30714	1263	12473	가자희망2080	33
경상남도	4800	남해군	43925	33517	32101	1416	10408	가자희망2080	24
경상남도	4800	함양군	33987	22785	22033	752	11202	가자희망2080	39
경상남도	4800	산청군	31109	20036	19340	696	11073	가자희망2080	18
경상남도	4800	거창군	50921	34336	33208	1128	16585	가자희망2080	43
경상남도	4800	합천군	47527	31280	30105	1175	16247	가자희망2080	73
경상남도	4800	창원시	344522	218444	216564	1880	126078	공화당	139
경상남도	4800	마산시	319708	193581	191155	2426	126127	공화당	171
경상남도	4800	진주시	245394	156424	153903	2521	88970	공화당	146
경상남도	4800	진해시	109240	71225	70029	1196	38015	공화당	61
경상남도	4800	통영시	99574	57199	55927	1272	42375	공화당	54
경상남도	4800	고성군	46669	29047	28174	873	17622	공화당	52
경상남도	4800	사천시	86063	52660	51393	1267	33403	공화당	43
경상남도	4800	김해시	281571	166131	164088	2043	115440	공화당	105
경상남도	4800	밀양시	90690	56563	55074	1489	34127	공화당	60
경상남도	4800	거제시	129772	81567	80279	1288	48205	공화당	60
경상남도	4800	의령군	26545	17987	17247	740	8558	공화당	80
경상남도	4800	함안군	48764	29245	28520	725	19519	공화당	125
경상남도	4800	창녕군	53379	32201	31156	1045	21178	공화당	50
경상남도	4800	양산시	148641	86318	85196	1122	62323	공화당	181
경상남도	4800	하동군	44450	31977	30714	1263	12473	공화당	70
경상남도	4800	남해군	43925	33517	32101	1416	10408	공화당	44
경상남도	4800	함양군	33987	22785	22033	752	11202	공화당	73
경상남도	4800	산청군	31109	20036	19340	696	11073	공화당	35
경상남도	4800	거창군	50921	34336	33208	1128	16585	공화당	50
경상남도	4800	합천군	47527	31280	30105	1175	16247	공화당	110
경상남도	4800	창원시	344522	218444	216564	1880	126078	구국총연합	33
경상남도	4800	마산시	319708	193581	191155	2426	126127	구국총연합	51
경상남도	4800	진주시	245394	156424	153903	2521	88970	구국총연합	62
경상남도	4800	진해시	109240	71225	70029	1196	38015	구국총연합	22
경상남도	4800	통영시	99574	57199	55927	1272	42375	구국총연합	22
경상남도	4800	고성군	46669	29047	28174	873	17622	구국총연합	22
경상남도	4800	사천시	86063	52660	51393	1267	33403	구국총연합	26
경상남도	4800	김해시	281571	166131	164088	2043	115440	구국총연합	36
경상남도	4800	밀양시	90690	56563	55074	1489	34127	구국총연합	35
경상남도	4800	거제시	129772	81567	80279	1288	48205	구국총연합	21
경상남도	4800	의령군	26545	17987	17247	740	8558	구국총연합	18
경상남도	4800	함안군	48764	29245	28520	725	19519	구국총연합	16
경상남도	4800	창녕군	53379	32201	31156	1045	21178	구국총연합	26
경상남도	4800	양산시	148641	86318	85196	1122	62323	구국총연합	196
경상남도	4800	하동군	44450	31977	30714	1263	12473	구국총연합	29
경상남도	4800	남해군	43925	33517	32101	1416	10408	구국총연합	18
경상남도	4800	함양군	33987	22785	22033	752	11202	구국총연합	22
경상남도	4800	산청군	31109	20036	19340	696	11073	구국총연합	17
경상남도	4800	거창군	50921	34336	33208	1128	16585	구국총연합	20
경상남도	4800	합천군	47527	31280	30105	1175	16247	구국총연합	42
경상남도	4800	창원시	344522	218444	216564	1880	126078	기독당	1661
경상남도	4800	마산시	319708	193581	191155	2426	126127	기독당	1290
경상남도	4800	진주시	245394	156424	153903	2521	88970	기독당	1523
경상남도	4800	진해시	109240	71225	70029	1196	38015	기독당	633
경상남도	4800	통영시	99574	57199	55927	1272	42375	기독당	567
경상남도	4800	고성군	46669	29047	28174	873	17622	기독당	258
경상남도	4800	사천시	86063	52660	51393	1267	33403	기독당	435
경상남도	4800	김해시	281571	166131	164088	2043	115440	기독당	1433
경상남도	4800	밀양시	90690	56563	55074	1489	34127	기독당	405
경상남도	4800	거제시	129772	81567	80279	1288	48205	기독당	837
경상남도	4800	의령군	26545	17987	17247	740	8558	기독당	158
경상남도	4800	함안군	48764	29245	28520	725	19519	기독당	210
경상남도	4800	창녕군	53379	32201	31156	1045	21178	기독당	198
경상남도	4800	양산시	148641	86318	85196	1122	62323	기독당	869
경상남도	4800	하동군	44450	31977	30714	1263	12473	기독당	306
경상남도	4800	남해군	43925	33517	32101	1416	10408	기독당	362
경상남도	4800	함양군	33987	22785	22033	752	11202	기독당	237
경상남도	4800	산청군	31109	20036	19340	696	11073	기독당	140
경상남도	4800	거창군	50921	34336	33208	1128	16585	기독당	274
경상남도	4800	합천군	47527	31280	30105	1175	16247	기독당	190
경상남도	4800	창원시	344522	218444	216564	1880	126078	노년권익보호당	240
경상남도	4800	마산시	319708	193581	191155	2426	126127	노년권익보호당	277
경상남도	4800	진주시	245394	156424	153903	2521	88970	노년권익보호당	278
경상남도	4800	진해시	109240	71225	70029	1196	38015	노년권익보호당	137
경상남도	4800	통영시	99574	57199	55927	1272	42375	노년권익보호당	84
경상남도	4800	고성군	46669	29047	28174	873	17622	노년권익보호당	54
경상남도	4800	사천시	86063	52660	51393	1267	33403	노년권익보호당	101
경상남도	4800	김해시	281571	166131	164088	2043	115440	노년권익보호당	244
경상남도	4800	밀양시	90690	56563	55074	1489	34127	노년권익보호당	107
경상남도	4800	거제시	129772	81567	80279	1288	48205	노년권익보호당	108
경상남도	4800	의령군	26545	17987	17247	740	8558	노년권익보호당	56
경상남도	4800	함안군	48764	29245	28520	725	19519	노년권익보호당	48
경상남도	4800	창녕군	53379	32201	31156	1045	21178	노년권익보호당	55
경상남도	4800	양산시	148641	86318	85196	1122	62323	노년권익보호당	144
경상남도	4800	하동군	44450	31977	30714	1263	12473	노년권익보호당	82
경상남도	4800	남해군	43925	33517	32101	1416	10408	노년권익보호당	190
경상남도	4800	함양군	33987	22785	22033	752	11202	노년권익보호당	49
경상남도	4800	산청군	31109	20036	19340	696	11073	노년권익보호당	51
경상남도	4800	거창군	50921	34336	33208	1128	16585	노년권익보호당	75
경상남도	4800	합천군	47527	31280	30105	1175	16247	노년권익보호당	69
경상남도	4800	창원시	344522	218444	216564	1880	126078	녹색사민당	1370
경상남도	4800	마산시	319708	193581	191155	2426	126127	녹색사민당	1516
경상남도	4800	진주시	245394	156424	153903	2521	88970	녹색사민당	970
경상남도	4800	진해시	109240	71225	70029	1196	38015	녹색사민당	446
경상남도	4800	통영시	99574	57199	55927	1272	42375	녹색사민당	200
경상남도	4800	고성군	46669	29047	28174	873	17622	녹색사민당	142
경상남도	4800	사천시	86063	52660	51393	1267	33403	녹색사민당	445
경상남도	4800	김해시	281571	166131	164088	2043	115440	녹색사민당	995
경상남도	4800	밀양시	90690	56563	55074	1489	34127	녹색사민당	212
경상남도	4800	거제시	129772	81567	80279	1288	48205	녹색사민당	331
경상남도	4800	의령군	26545	17987	17247	740	8558	녹색사민당	86
경상남도	4800	함안군	48764	29245	28520	725	19519	녹색사민당	116
경상남도	4800	창녕군	53379	32201	31156	1045	21178	녹색사민당	123
경상남도	4800	양산시	148641	86318	85196	1122	62323	녹색사민당	1727
경상남도	4800	하동군	44450	31977	30714	1263	12473	녹색사민당	110
경상남도	4800	남해군	43925	33517	32101	1416	10408	녹색사민당	95
경상남도	4800	함양군	33987	22785	22033	752	11202	녹색사민당	101
경상남도	4800	산청군	31109	20036	19340	696	11073	녹색사민당	74
경상남도	4800	거창군	50921	34336	33208	1128	16585	녹색사민당	143
경상남도	4800	합천군	47527	31280	30105	1175	16247	녹색사민당	120
경상남도	4800	창원시	344522	218444	216564	1880	126078	민주노동당	52521
경상남도	4800	마산시	319708	193581	191155	2426	126127	민주노동당	29217
경상남도	4800	진주시	245394	156424	153903	2521	88970	민주노동당	24565
경상남도	4800	진해시	109240	71225	70029	1196	38015	민주노동당	9645
경상남도	4800	통영시	99574	57199	55927	1272	42375	민주노동당	5945
경상남도	4800	고성군	46669	29047	28174	873	17622	민주노동당	3262
경상남도	4800	사천시	86063	52660	51393	1267	33403	민주노동당	7572
경상남도	4800	김해시	281571	166131	164088	2043	115440	민주노동당	22329
경상남도	4800	밀양시	90690	56563	55074	1489	34127	민주노동당	5749
경상남도	4800	거제시	129772	81567	80279	1288	48205	민주노동당	21033
경상남도	4800	의령군	26545	17987	17247	740	8558	민주노동당	2513
경상남도	4800	함안군	48764	29245	28520	725	19519	민주노동당	4005
경상남도	4800	창녕군	53379	32201	31156	1045	21178	민주노동당	3299
경상남도	4800	양산시	148641	86318	85196	1122	62323	민주노동당	11577
경상남도	4800	하동군	44450	31977	30714	1263	12473	민주노동당	3413
경상남도	4800	남해군	43925	33517	32101	1416	10408	민주노동당	2625
경상남도	4800	함양군	33987	22785	22033	752	11202	민주노동당	1901
경상남도	4800	산청군	31109	20036	19340	696	11073	민주노동당	2327
경상남도	4800	거창군	50921	34336	33208	1128	16585	민주노동당	4163
경상남도	4800	합천군	47527	31280	30105	1175	16247	민주노동당	3175
경상남도	4800	창원시	344522	218444	216564	1880	126078	민주화합당	157
경상남도	4800	마산시	319708	193581	191155	2426	126127	민주화합당	192
경상남도	4800	진주시	245394	156424	153903	2521	88970	민주화합당	274
경상남도	4800	진해시	109240	71225	70029	1196	38015	민주화합당	106
경상남도	4800	통영시	99574	57199	55927	1272	42375	민주화합당	107
경상남도	4800	고성군	46669	29047	28174	873	17622	민주화합당	119
경상남도	4800	사천시	86063	52660	51393	1267	33403	민주화합당	122
경상남도	4800	김해시	281571	166131	164088	2043	115440	민주화합당	156
경상남도	4800	밀양시	90690	56563	55074	1489	34127	민주화합당	139
경상남도	4800	거제시	129772	81567	80279	1288	48205	민주화합당	110
경상남도	4800	의령군	26545	17987	17247	740	8558	민주화합당	88
경상남도	4800	함안군	48764	29245	28520	725	19519	민주화합당	71
경상남도	4800	창녕군	53379	32201	31156	1045	21178	민주화합당	109
경상남도	4800	양산시	148641	86318	85196	1122	62323	민주화합당	100
경상남도	4800	하동군	44450	31977	30714	1263	12473	민주화합당	161
경상남도	4800	남해군	43925	33517	32101	1416	10408	민주화합당	60
경상남도	4800	함양군	33987	22785	22033	752	11202	민주화합당	84
경상남도	4800	산청군	31109	20036	19340	696	11073	민주화합당	76
경상남도	4800	거창군	50921	34336	33208	1128	16585	민주화합당	148
경상남도	4800	합천군	47527	31280	30105	1175	16247	민주화합당	147
경상남도	4800	창원시	344522	218444	216564	1880	126078	사회당	284
경상남도	4800	마산시	319708	193581	191155	2426	126127	사회당	425
경상남도	4800	진주시	245394	156424	153903	2521	88970	사회당	630
경상남도	4800	진해시	109240	71225	70029	1196	38015	사회당	194
경상남도	4800	통영시	99574	57199	55927	1272	42375	사회당	237
경상남도	4800	고성군	46669	29047	28174	873	17622	사회당	209
경상남도	4800	사천시	86063	52660	51393	1267	33403	사회당	286
경상남도	4800	김해시	281571	166131	164088	2043	115440	사회당	247
경상남도	4800	밀양시	90690	56563	55074	1489	34127	사회당	309
경상남도	4800	거제시	129772	81567	80279	1288	48205	사회당	292
경상남도	4800	의령군	26545	17987	17247	740	8558	사회당	247
경상남도	4800	함안군	48764	29245	28520	725	19519	사회당	163
경상남도	4800	창녕군	53379	32201	31156	1045	21178	사회당	307
경상남도	4800	양산시	148641	86318	85196	1122	62323	사회당	188
경상남도	4800	하동군	44450	31977	30714	1263	12473	사회당	350
경상남도	4800	남해군	43925	33517	32101	1416	10408	사회당	223
경상남도	4800	함양군	33987	22785	22033	752	11202	사회당	227
경상남도	4800	산청군	31109	20036	19340	696	11073	사회당	232
경상남도	4800	거창군	50921	34336	33208	1128	16585	사회당	285
경상남도	4800	합천군	47527	31280	30105	1175	16247	사회당	329
제주특별자치도	4900	제주시	197622	118843	117385	1458	78779	한나라당	38079
제주특별자치도	4900	북제주군	81135	51019	49466	1553	30116	한나라당	14671
제주특별자치도	4900	서귀포시	60718	36549	35692	857	24169	한나라당	10331
제주특별자치도	4900	남제주군	55659	35011	33775	1236	20648	한나라당	9734
제주특별자치도	4900	제주시	197622	118843	117385	1458	78779	새천년민주당	4600
제주특별자치도	4900	북제주군	81135	51019	49466	1553	30116	새천년민주당	4199
제주특별자치도	4900	서귀포시	60718	36549	35692	857	24169	새천년민주당	1769
제주특별자치도	4900	남제주군	55659	35011	33775	1236	20648	새천년민주당	1438
제주특별자치도	4900	제주시	197622	118843	117385	1458	78779	열린우리당	54393
제주특별자치도	4900	북제주군	81135	51019	49466	1553	30116	열린우리당	21926
제주특별자치도	4900	서귀포시	60718	36549	35692	857	24169	열린우리당	17245
제주특별자치도	4900	남제주군	55659	35011	33775	1236	20648	열린우리당	15161
제주특별자치도	4900	제주시	197622	118843	117385	1458	78779	자민련	1271
제주특별자치도	4900	북제주군	81135	51019	49466	1553	30116	자민련	626
제주특별자치도	4900	서귀포시	60718	36549	35692	857	24169	자민련	378
제주특별자치도	4900	남제주군	55659	35011	33775	1236	20648	자민련	360
제주특별자치도	4900	제주시	197622	118843	117385	1458	78779	국민통합21	436
제주특별자치도	4900	북제주군	81135	51019	49466	1553	30116	국민통합21	408
제주특별자치도	4900	서귀포시	60718	36549	35692	857	24169	국민통합21	127
제주특별자치도	4900	남제주군	55659	35011	33775	1236	20648	국민통합21	136
제주특별자치도	4900	제주시	197622	118843	117385	1458	78779	가자희망2080	94
제주특별자치도	4900	북제주군	81135	51019	49466	1553	30116	가자희망2080	84
제주특별자치도	4900	서귀포시	60718	36549	35692	857	24169	가자희망2080	29
제주특별자치도	4900	남제주군	55659	35011	33775	1236	20648	가자희망2080	32
제주특별자치도	4900	제주시	197622	118843	117385	1458	78779	공화당	70
제주특별자치도	4900	북제주군	81135	51019	49466	1553	30116	공화당	83
제주특별자치도	4900	서귀포시	60718	36549	35692	857	24169	공화당	42
제주특별자치도	4900	남제주군	55659	35011	33775	1236	20648	공화당	81
제주특별자치도	4900	제주시	197622	118843	117385	1458	78779	구국총연합	28
제주특별자치도	4900	북제주군	81135	51019	49466	1553	30116	구국총연합	37
제주특별자치도	4900	서귀포시	60718	36549	35692	857	24169	구국총연합	17
제주특별자치도	4900	남제주군	55659	35011	33775	1236	20648	구국총연합	22
제주특별자치도	4900	제주시	197622	118843	117385	1458	78779	기독당	641
제주특별자치도	4900	북제주군	81135	51019	49466	1553	30116	기독당	290
제주특별자치도	4900	서귀포시	60718	36549	35692	857	24169	기독당	259
제주특별자치도	4900	남제주군	55659	35011	33775	1236	20648	기독당	155
제주특별자치도	4900	제주시	197622	118843	117385	1458	78779	노년권익보호당	179
제주특별자치도	4900	북제주군	81135	51019	49466	1553	30116	노년권익보호당	119
제주특별자치도	4900	서귀포시	60718	36549	35692	857	24169	노년권익보호당	69
제주특별자치도	4900	남제주군	55659	35011	33775	1236	20648	노년권익보호당	84
제주특별자치도	4900	제주시	197622	118843	117385	1458	78779	녹색사민당	760
제주특별자치도	4900	북제주군	81135	51019	49466	1553	30116	녹색사민당	313
제주특별자치도	4900	서귀포시	60718	36549	35692	857	24169	녹색사민당	155
제주특별자치도	4900	남제주군	55659	35011	33775	1236	20648	녹색사민당	233
제주특별자치도	4900	제주시	197622	118843	117385	1458	78779	민주노동당	16391
제주특별자치도	4900	북제주군	81135	51019	49466	1553	30116	민주노동당	6080
제주특별자치도	4900	서귀포시	60718	36549	35692	857	24169	민주노동당	4988
제주특별자치도	4900	남제주군	55659	35011	33775	1236	20648	민주노동당	5828
제주특별자치도	4900	제주시	197622	118843	117385	1458	78779	민주화합당	194
제주특별자치도	4900	북제주군	81135	51019	49466	1553	30116	민주화합당	305
제주특별자치도	4900	서귀포시	60718	36549	35692	857	24169	민주화합당	144
제주특별자치도	4900	남제주군	55659	35011	33775	1236	20648	민주화합당	230
제주특별자치도	4900	제주시	197622	118843	117385	1458	78779	사회당	249
제주특별자치도	4900	북제주군	81135	51019	49466	1553	30116	사회당	325
제주특별자치도	4900	서귀포시	60718	36549	35692	857	24169	사회당	139
제주특별자치도	4900	남제주군	55659	35011	33775	1236	20648	사회당	281
