광역	광역코드	시군구	선거인수	투표수	유효투표수	무효투표수	기권수	정당	득표수
서울특별시	1100	종로구	134603	71343	70174	1169	63260	열린우리당	14856
서울특별시	1100	중구	107164	55367	54312	1055	51797	열린우리당	13437
서울특별시	1100	용산구	187461	95809	94453	1356	91652	열린우리당	19015
서울특별시	1100	성동구	266956	131928	129989	1939	135028	열린우리당	27719
서울특별시	1100	광진구	293308	141078	139184	1894	152230	열린우리당	31086
서울특별시	1100	동대문구	305097	153566	151300	2266	151531	열린우리당	32589
서울특별시	1100	중랑구	332783	155618	153529	2089	177165	열린우리당	33542
서울특별시	1100	성북구	369617	183341	180779	2562	186276	열린우리당	41099
서울특별시	1100	강북구	280448	133966	132151	1815	146482	열린우리당	28754
서울특별시	1100	도봉구	291852	147644	145962	1682	144208	열린우리당	33069
서울특별시	1100	노원구	465546	239942	236926	3016	225604	열린우리당	54081
서울특별시	1100	은평구	367295	173524	171065	2459	193771	열린우리당	40239
서울특별시	1100	서대문구	277490	137876	135768	2108	139614	열린우리당	32278
서울특별시	1100	마포구	312630	154433	152070	2363	158197	열린우리당	34646
서울특별시	1100	양천구	374034	193203	190494	2709	180831	열린우리당	42216
서울특별시	1100	강서구	430027	211558	208632	2926	218469	열린우리당	45751
서울특별시	1100	구로구	327895	164412	161567	2845	163483	열린우리당	36764
서울특별시	1100	금천구	199986	97773	96108	1665	102213	열린우리당	21989
서울특별시	1100	영등포구	325010	163783	161375	2408	161227	열린우리당	36203
서울특별시	1100	동작구	328129	166421	164200	2221	161708	열린우리당	36448
서울특별시	1100	관악구	431791	210835	208183	2652	220956	열린우리당	46260
서울특별시	1100	서초구	316852	164432	162438	1994	152420	열린우리당	24991
서울특별시	1100	강남구	433889	216748	214780	1968	217141	열린우리당	30811
서울특별시	1100	송파구	467011	237296	234803	2493	229715	열린우리당	45297
서울특별시	1100	강동구	356774	175768	173429	2339	181006	열린우리당	34189
서울특별시	1100	종로구	134603	71343	70174	1169	63260	한나라당	38784
서울특별시	1100	중구	107164	55367	54312	1055	51797	한나라당	30327
서울특별시	1100	용산구	187461	95809	94453	1356	91652	한나라당	56066
서울특별시	1100	성동구	266956	131928	129989	1939	135028	한나라당	71456
서울특별시	1100	광진구	293308	141078	139184	1894	152230	한나라당	76984
서울특별시	1100	동대문구	305097	153566	151300	2266	151531	한나라당	85965
서울특별시	1100	중랑구	332783	155618	153529	2089	177165	한나라당	87526
서울특별시	1100	성북구	369617	183341	180779	2562	186276	한나라당	98412
서울특별시	1100	강북구	280448	133966	132151	1815	146482	한나라당	68315
서울특별시	1100	도봉구	291852	147644	145962	1682	144208	한나라당	81580
서울특별시	1100	노원구	465546	239942	236926	3016	225604	한나라당	130631
서울특별시	1100	은평구	367295	173524	171065	2459	193771	한나라당	93018
서울특별시	1100	서대문구	277490	137876	135768	2108	139614	한나라당	74966
서울특별시	1100	마포구	312630	154433	152070	2363	158197	한나라당	82885
서울특별시	1100	양천구	374034	193203	190494	2709	180831	한나라당	109427
서울특별시	1100	강서구	430027	211558	208632	2926	218469	한나라당	117367
서울특별시	1100	구로구	327895	164412	161567	2845	163483	한나라당	88243
서울특별시	1100	금천구	199986	97773	96108	1665	102213	한나라당	49947
서울특별시	1100	영등포구	325010	163783	161375	2408	161227	한나라당	92370
서울특별시	1100	동작구	328129	166421	164200	2221	161708	한나라당	88715
서울특별시	1100	관악구	431791	210835	208183	2652	220956	한나라당	99637
서울특별시	1100	서초구	316852	164432	162438	1994	152420	한나라당	113044
서울특별시	1100	강남구	433889	216748	214780	1968	217141	한나라당	155450
서울특별시	1100	송파구	467011	237296	234803	2493	229715	한나라당	146796
서울특별시	1100	강동구	356774	175768	173429	2339	181006	한나라당	105562
서울특별시	1100	종로구	134603	71343	70174	1169	63260	민주당	9380
서울특별시	1100	중구	107164	55367	54312	1055	51797	민주당	5588
서울특별시	1100	용산구	187461	95809	94453	1356	91652	민주당	9879
서울특별시	1100	성동구	266956	131928	129989	1939	135028	민주당	16125
서울특별시	1100	광진구	293308	141078	139184	1894	152230	민주당	15683
서울특별시	1100	동대문구	305097	153566	151300	2266	151531	민주당	16865
서울특별시	1100	중랑구	332783	155618	153529	2089	177165	민주당	16146
서울특별시	1100	성북구	369617	183341	180779	2562	186276	민주당	19644
서울특별시	1100	강북구	280448	133966	132151	1815	146482	민주당	19400
서울특별시	1100	도봉구	291852	147644	145962	1682	144208	민주당	15118
서울특별시	1100	노원구	465546	239942	236926	3016	225604	민주당	22021
서울특별시	1100	은평구	367295	173524	171065	2459	193771	민주당	19104
서울특별시	1100	서대문구	277490	137876	135768	2108	139614	민주당	13196
서울특별시	1100	마포구	312630	154433	152070	2363	158197	민주당	15670
서울특별시	1100	양천구	374034	193203	190494	2709	180831	민주당	18143
서울특별시	1100	강서구	430027	211558	208632	2926	218469	민주당	20575
서울특별시	1100	구로구	327895	164412	161567	2845	163483	민주당	15971
서울특별시	1100	금천구	199986	97773	96108	1665	102213	민주당	12223
서울특별시	1100	영등포구	325010	163783	161375	2408	161227	민주당	16020
서울특별시	1100	동작구	328129	166421	164200	2221	161708	민주당	20035
서울특별시	1100	관악구	431791	210835	208183	2652	220956	민주당	30925
서울특별시	1100	서초구	316852	164432	162438	1994	152420	민주당	11764
서울특별시	1100	강남구	433889	216748	214780	1968	217141	민주당	13196
서울특별시	1100	송파구	467011	237296	234803	2493	229715	민주당	20690
서울특별시	1100	강동구	356774	175768	173429	2339	181006	민주당	16440
서울특별시	1100	종로구	134603	71343	70174	1169	63260	민주노동당	6403
서울특별시	1100	중구	107164	55367	54312	1055	51797	민주노동당	4252
서울특별시	1100	용산구	187461	95809	94453	1356	91652	민주노동당	8460
서울특별시	1100	성동구	266956	131928	129989	1939	135028	민주노동당	13381
서울특별시	1100	광진구	293308	141078	139184	1894	152230	민주노동당	13805
서울특별시	1100	동대문구	305097	153566	151300	2266	151531	민주노동당	14231
서울특별시	1100	중랑구	332783	155618	153529	2089	177165	민주노동당	14661
서울특별시	1100	성북구	369617	183341	180779	2562	186276	민주노동당	19740
서울특별시	1100	강북구	280448	133966	132151	1815	146482	민주노동당	14099
서울특별시	1100	도봉구	291852	147644	145962	1682	144208	민주노동당	14734
서울특별시	1100	노원구	465546	239942	236926	3016	225604	민주노동당	27498
서울특별시	1100	은평구	367295	173524	171065	2459	193771	민주노동당	16723
서울특별시	1100	서대문구	277490	137876	135768	2108	139614	민주노동당	14051
서울특별시	1100	마포구	312630	154433	152070	2363	158197	민주노동당	17072
서울특별시	1100	양천구	374034	193203	190494	2709	180831	민주노동당	18212
서울특별시	1100	강서구	430027	211558	208632	2926	218469	민주노동당	22370
서울특별시	1100	구로구	327895	164412	161567	2845	163483	민주노동당	18701
서울특별시	1100	금천구	199986	97773	96108	1665	102213	민주노동당	10555
서울특별시	1100	영등포구	325010	163783	161375	2408	161227	민주노동당	14769
서울특별시	1100	동작구	328129	166421	164200	2221	161708	민주노동당	17326
서울특별시	1100	관악구	431791	210835	208183	2652	220956	민주노동당	29077
서울특별시	1100	서초구	316852	164432	162438	1994	152420	민주노동당	11508
서울특별시	1100	강남구	433889	216748	214780	1968	217141	민주노동당	13904
서울특별시	1100	송파구	467011	237296	234803	2493	229715	민주노동당	20200
서울특별시	1100	강동구	356774	175768	173429	2339	181006	민주노동당	15477
서울특별시	1100	종로구	134603	71343	70174	1169	63260	국민중심당	297
서울특별시	1100	중구	107164	55367	54312	1055	51797	국민중심당	213
서울특별시	1100	용산구	187461	95809	94453	1356	91652	국민중심당	434
서울특별시	1100	성동구	266956	131928	129989	1939	135028	국민중심당	504
서울특별시	1100	광진구	293308	141078	139184	1894	152230	국민중심당	865
서울특별시	1100	동대문구	305097	153566	151300	2266	151531	국민중심당	644
서울특별시	1100	중랑구	332783	155618	153529	2089	177165	국민중심당	753
서울특별시	1100	성북구	369617	183341	180779	2562	186276	국민중심당	827
서울특별시	1100	강북구	280448	133966	132151	1815	146482	국민중심당	601
서울특별시	1100	도봉구	291852	147644	145962	1682	144208	국민중심당	802
서울특별시	1100	노원구	465546	239942	236926	3016	225604	국민중심당	1403
서울특별시	1100	은평구	367295	173524	171065	2459	193771	국민중심당	924
서울특별시	1100	서대문구	277490	137876	135768	2108	139614	국민중심당	625
서울특별시	1100	마포구	312630	154433	152070	2363	158197	국민중심당	651
서울특별시	1100	양천구	374034	193203	190494	2709	180831	국민중심당	1043
서울특별시	1100	강서구	430027	211558	208632	2926	218469	국민중심당	1070
서울특별시	1100	구로구	327895	164412	161567	2845	163483	국민중심당	1087
서울특별시	1100	금천구	199986	97773	96108	1665	102213	국민중심당	775
서울특별시	1100	영등포구	325010	163783	161375	2408	161227	국민중심당	892
서울특별시	1100	동작구	328129	166421	164200	2221	161708	국민중심당	863
서울특별시	1100	관악구	431791	210835	208183	2652	220956	국민중심당	1159
서울특별시	1100	서초구	316852	164432	162438	1994	152420	국민중심당	576
서울특별시	1100	강남구	433889	216748	214780	1968	217141	국민중심당	654
서울특별시	1100	송파구	467011	237296	234803	2493	229715	국민중심당	901
서울특별시	1100	강동구	356774	175768	173429	2339	181006	국민중심당	959
서울특별시	1100	종로구	134603	71343	70174	1169	63260	시민당	164
서울특별시	1100	중구	107164	55367	54312	1055	51797	시민당	226
서울특별시	1100	용산구	187461	95809	94453	1356	91652	시민당	238
서울특별시	1100	성동구	266956	131928	129989	1939	135028	시민당	249
서울특별시	1100	광진구	293308	141078	139184	1894	152230	시민당	361
서울특별시	1100	동대문구	305097	153566	151300	2266	151531	시민당	299
서울특별시	1100	중랑구	332783	155618	153529	2089	177165	시민당	339
서울특별시	1100	성북구	369617	183341	180779	2562	186276	시민당	313
서울특별시	1100	강북구	280448	133966	132151	1815	146482	시민당	383
서울특별시	1100	도봉구	291852	147644	145962	1682	144208	시민당	214
서울특별시	1100	노원구	465546	239942	236926	3016	225604	시민당	376
서울특별시	1100	은평구	367295	173524	171065	2459	193771	시민당	335
서울특별시	1100	서대문구	277490	137876	135768	2108	139614	시민당	215
서울특별시	1100	마포구	312630	154433	152070	2363	158197	시민당	584
서울특별시	1100	양천구	374034	193203	190494	2709	180831	시민당	385
서울특별시	1100	강서구	430027	211558	208632	2926	218469	시민당	420
서울특별시	1100	구로구	327895	164412	161567	2845	163483	시민당	262
서울특별시	1100	금천구	199986	97773	96108	1665	102213	시민당	206
서울특별시	1100	영등포구	325010	163783	161375	2408	161227	시민당	456
서울특별시	1100	동작구	328129	166421	164200	2221	161708	시민당	267
서울특별시	1100	관악구	431791	210835	208183	2652	220956	시민당	389
서울특별시	1100	서초구	316852	164432	162438	1994	152420	시민당	152
서울특별시	1100	강남구	433889	216748	214780	1968	217141	시민당	219
서울특별시	1100	송파구	467011	237296	234803	2493	229715	시민당	271
서울특별시	1100	강동구	356774	175768	173429	2339	181006	시민당	260
서울특별시	1100	종로구	134603	71343	70174	1169	63260	한미준	92
서울특별시	1100	중구	107164	55367	54312	1055	51797	한미준	115
서울특별시	1100	용산구	187461	95809	94453	1356	91652	한미준	152
서울특별시	1100	성동구	266956	131928	129989	1939	135028	한미준	177
서울특별시	1100	광진구	293308	141078	139184	1894	152230	한미준	136
서울특별시	1100	동대문구	305097	153566	151300	2266	151531	한미준	191
서울특별시	1100	중랑구	332783	155618	153529	2089	177165	한미준	156
서울특별시	1100	성북구	369617	183341	180779	2562	186276	한미준	248
서울특별시	1100	강북구	280448	133966	132151	1815	146482	한미준	208
서울특별시	1100	도봉구	291852	147644	145962	1682	144208	한미준	123
서울특별시	1100	노원구	465546	239942	236926	3016	225604	한미준	374
서울특별시	1100	은평구	367295	173524	171065	2459	193771	한미준	239
서울특별시	1100	서대문구	277490	137876	135768	2108	139614	한미준	134
서울특별시	1100	마포구	312630	154433	152070	2363	158197	한미준	177
서울특별시	1100	양천구	374034	193203	190494	2709	180831	한미준	573
서울특별시	1100	강서구	430027	211558	208632	2926	218469	한미준	490
서울특별시	1100	구로구	327895	164412	161567	2845	163483	한미준	193
서울특별시	1100	금천구	199986	97773	96108	1665	102213	한미준	150
서울특별시	1100	영등포구	325010	163783	161375	2408	161227	한미준	216
서울특별시	1100	동작구	328129	166421	164200	2221	161708	한미준	185
서울특별시	1100	관악구	431791	210835	208183	2652	220956	한미준	203
서울특별시	1100	서초구	316852	164432	162438	1994	152420	한미준	123
서울특별시	1100	강남구	433889	216748	214780	1968	217141	한미준	135
서울특별시	1100	송파구	467011	237296	234803	2493	229715	한미준	177
서울특별시	1100	강동구	356774	175768	173429	2339	181006	한미준	145
서울특별시	1100	종로구	134603	71343	70174	1169	63260	희망사회당	198
서울특별시	1100	중구	107164	55367	54312	1055	51797	희망사회당	154
서울특별시	1100	용산구	187461	95809	94453	1356	91652	희망사회당	209
서울특별시	1100	성동구	266956	131928	129989	1939	135028	희망사회당	378
서울특별시	1100	광진구	293308	141078	139184	1894	152230	희망사회당	264
서울특별시	1100	동대문구	305097	153566	151300	2266	151531	희망사회당	516
서울특별시	1100	중랑구	332783	155618	153529	2089	177165	희망사회당	406
서울특별시	1100	성북구	369617	183341	180779	2562	186276	희망사회당	496
서울특별시	1100	강북구	280448	133966	132151	1815	146482	희망사회당	391
서울특별시	1100	도봉구	291852	147644	145962	1682	144208	희망사회당	322
서울특별시	1100	노원구	465546	239942	236926	3016	225604	희망사회당	542
서울특별시	1100	은평구	367295	173524	171065	2459	193771	희망사회당	483
서울특별시	1100	서대문구	277490	137876	135768	2108	139614	희망사회당	303
서울특별시	1100	마포구	312630	154433	152070	2363	158197	희망사회당	385
서울특별시	1100	양천구	374034	193203	190494	2709	180831	희망사회당	495
서울특별시	1100	강서구	430027	211558	208632	2926	218469	희망사회당	589
서울특별시	1100	구로구	327895	164412	161567	2845	163483	희망사회당	346
서울특별시	1100	금천구	199986	97773	96108	1665	102213	희망사회당	263
서울특별시	1100	영등포구	325010	163783	161375	2408	161227	희망사회당	449
서울특별시	1100	동작구	328129	166421	164200	2221	161708	희망사회당	361
서울특별시	1100	관악구	431791	210835	208183	2652	220956	희망사회당	533
서울특별시	1100	서초구	316852	164432	162438	1994	152420	희망사회당	280
서울특별시	1100	강남구	433889	216748	214780	1968	217141	희망사회당	411
서울특별시	1100	송파구	467011	237296	234803	2493	229715	희망사회당	471
서울특별시	1100	강동구	356774	175768	173429	2339	181006	희망사회당	397
부산광역시	2600	중구	43062	22766	22193	573	20296	열린우리당	4134
부산광역시	2600	서구	112683	55036	53733	1303	57647	열린우리당	9230
부산광역시	2600	동구	89864	46769	45240	1529	43095	열린우리당	8410
부산광역시	2600	영도구	131447	63269	62019	1250	68178	열린우리당	14710
부산광역시	2600	부산진구	325963	157491	155105	2386	168472	열린우리당	28452
부산광역시	2600	동래구	216997	107494	105996	1498	109503	열린우리당	17864
부산광역시	2600	남구	238368	116835	115088	1747	121533	열린우리당	22646
부산광역시	2600	북구	248396	117436	115873	1563	130960	열린우리당	25113
부산광역시	2600	해운대구	309668	145645	143503	2142	164023	열린우리당	27934
부산광역시	2600	기장군	61953	36131	35241	890	25822	열린우리당	6938
부산광역시	2600	사하구	284656	128358	126541	1817	156298	열린우리당	27000
부산광역시	2600	금정구	209276	103939	102094	1845	105337	열린우리당	18388
부산광역시	2600	강서구	44796	26884	26106	778	17912	열린우리당	6643
부산광역시	2600	연제구	172349	84789	83506	1283	87560	열린우리당	15482
부산광역시	2600	수영구	143359	67639	66635	1004	75720	열린우리당	11705
부산광역시	2600	사상구	212267	98086	96737	1349	114181	열린우리당	22086
부산광역시	2600	중구	43062	22766	22193	573	20296	한나라당	15126
부산광역시	2600	서구	112683	55036	53733	1303	57647	한나라당	37049
부산광역시	2600	동구	89864	46769	45240	1529	43095	한나라당	30626
부산광역시	2600	영도구	131447	63269	62019	1250	68178	한나라당	37451
부산광역시	2600	부산진구	325963	157491	155105	2386	168472	한나라당	103380
부산광역시	2600	동래구	216997	107494	105996	1498	109503	한나라당	73280
부산광역시	2600	남구	238368	116835	115088	1747	121533	한나라당	74811
부산광역시	2600	북구	248396	117436	115873	1563	130960	한나라당	72988
부산광역시	2600	해운대구	309668	145645	143503	2142	164023	한나라당	94383
부산광역시	2600	기장군	61953	36131	35241	890	25822	한나라당	22978
부산광역시	2600	사하구	284656	128358	126541	1817	156298	한나라당	80802
부산광역시	2600	금정구	209276	103939	102094	1845	105337	한나라당	69366
부산광역시	2600	강서구	44796	26884	26106	778	17912	한나라당	15683
부산광역시	2600	연제구	172349	84789	83506	1283	87560	한나라당	56249
부산광역시	2600	수영구	143359	67639	66635	1004	75720	한나라당	45927
부산광역시	2600	사상구	212267	98086	96737	1349	114181	한나라당	61020
부산광역시	2600	중구	43062	22766	22193	573	20296	민주당	536
부산광역시	2600	서구	112683	55036	53733	1303	57647	민주당	1558
부산광역시	2600	동구	89864	46769	45240	1529	43095	민주당	1038
부산광역시	2600	영도구	131447	63269	62019	1250	68178	민주당	1924
부산광역시	2600	부산진구	325963	157491	155105	2386	168472	민주당	2931
부산광역시	2600	동래구	216997	107494	105996	1498	109503	민주당	1824
부산광역시	2600	남구	238368	116835	115088	1747	121533	민주당	1983
부산광역시	2600	북구	248396	117436	115873	1563	130960	민주당	2189
부산광역시	2600	해운대구	309668	145645	143503	2142	164023	민주당	2706
부산광역시	2600	기장군	61953	36131	35241	890	25822	민주당	750
부산광역시	2600	사하구	284656	128358	126541	1817	156298	민주당	2373
부산광역시	2600	금정구	209276	103939	102094	1845	105337	민주당	1829
부산광역시	2600	강서구	44796	26884	26106	778	17912	민주당	675
부산광역시	2600	연제구	172349	84789	83506	1283	87560	민주당	1565
부산광역시	2600	수영구	143359	67639	66635	1004	75720	민주당	1183
부산광역시	2600	사상구	212267	98086	96737	1349	114181	민주당	2095
부산광역시	2600	중구	43062	22766	22193	573	20296	민주노동당	2397
부산광역시	2600	서구	112683	55036	53733	1303	57647	민주노동당	5896
부산광역시	2600	동구	89864	46769	45240	1529	43095	민주노동당	5166
부산광역시	2600	영도구	131447	63269	62019	1250	68178	민주노동당	7934
부산광역시	2600	부산진구	325963	157491	155105	2386	168472	민주노동당	20342
부산광역시	2600	동래구	216997	107494	105996	1498	109503	민주노동당	13028
부산광역시	2600	남구	238368	116835	115088	1747	121533	민주노동당	15648
부산광역시	2600	북구	248396	117436	115873	1563	130960	민주노동당	15583
부산광역시	2600	해운대구	309668	145645	143503	2142	164023	민주노동당	18480
부산광역시	2600	기장군	61953	36131	35241	890	25822	민주노동당	4575
부산광역시	2600	사하구	284656	128358	126541	1817	156298	민주노동당	16366
부산광역시	2600	금정구	209276	103939	102094	1845	105337	민주노동당	12511
부산광역시	2600	강서구	44796	26884	26106	778	17912	민주노동당	3105
부산광역시	2600	연제구	172349	84789	83506	1283	87560	민주노동당	10210
부산광역시	2600	수영구	143359	67639	66635	1004	75720	민주노동당	7820
부산광역시	2600	사상구	212267	98086	96737	1349	114181	민주노동당	11536
대구광역시	2700	중구	66126	35272	34443	829	30854	열린우리당	4223
대구광역시	2700	동구	267710	129209	127442	1767	138501	열린우리당	18534
대구광역시	2700	서구	194812	92265	90897	1368	102547	열린우리당	10090
대구광역시	2700	남구	145954	70018	69000	1018	75936	열린우리당	8517
대구광역시	2700	북구	341531	159684	157841	1843	181847	열린우리당	20562
대구광역시	2700	수성구	320246	157444	155769	1675	162802	열린우리당	18465
대구광역시	2700	달서구	432607	206958	204900	2058	225649	열린우리당	24826
대구광역시	2700	달성군	116057	64167	62576	1591	51890	열린우리당	8326
대구광역시	2700	중구	66126	35272	34443	829	30854	한나라당	27334
대구광역시	2700	동구	267710	129209	127442	1767	138501	한나라당	97415
대구광역시	2700	서구	194812	92265	90897	1368	102547	한나라당	71780
대구광역시	2700	남구	145954	70018	69000	1018	75936	한나라당	54456
대구광역시	2700	북구	341531	159684	157841	1843	181847	한나라당	121636
대구광역시	2700	수성구	320246	157444	155769	1675	162802	한나라당	124351
대구광역시	2700	달서구	432607	206958	204900	2058	225649	한나라당	158809
대구광역시	2700	달성군	116057	64167	62576	1591	51890	한나라당	45009
대구광역시	2700	중구	66126	35272	34443	829	30854	민주노동당	2551
대구광역시	2700	동구	267710	129209	127442	1767	138501	민주노동당	10508
대구광역시	2700	서구	194812	92265	90897	1368	102547	민주노동당	8019
대구광역시	2700	남구	145954	70018	69000	1018	75936	민주노동당	5496
대구광역시	2700	북구	341531	159684	157841	1843	181847	민주노동당	14329
대구광역시	2700	수성구	320246	157444	155769	1675	162802	민주노동당	11884
대구광역시	2700	달서구	432607	206958	204900	2058	225649	민주노동당	19744
대구광역시	2700	달성군	116057	64167	62576	1591	51890	민주노동당	8224
대구광역시	2700	중구	66126	35272	34443	829	30854	국민중심당	335
대구광역시	2700	동구	267710	129209	127442	1767	138501	국민중심당	985
대구광역시	2700	서구	194812	92265	90897	1368	102547	국민중심당	1008
대구광역시	2700	남구	145954	70018	69000	1018	75936	국민중심당	531
대구광역시	2700	북구	341531	159684	157841	1843	181847	국민중심당	1314
대구광역시	2700	수성구	320246	157444	155769	1675	162802	국민중심당	1069
대구광역시	2700	달서구	432607	206958	204900	2058	225649	국민중심당	1521
대구광역시	2700	달성군	116057	64167	62576	1591	51890	국민중심당	1017
인천광역시	2800	중구	72876	34797	34232	565	38079	열린우리당	6974
인천광역시	2800	동구	61515	30819	30244	575	30696	열린우리당	5687
인천광역시	2800	남구	327614	140572	138590	1982	187042	열린우리당	27690
인천광역시	2800	연수구	191076	88040	87180	860	103036	열린우리당	17247
인천광역시	2800	남동구	284121	123414	122009	1405	160707	열린우리당	24788
인천광역시	2800	부평구	425004	181468	179314	2154	243536	열린우리당	35468
인천광역시	2800	계양구	239585	100433	99398	1035	139152	열린우리당	23410
인천광역시	2800	서구	271645	114475	113111	1364	157170	열린우리당	24578
인천광역시	2800	강화군	53699	35401	33837	1564	18298	열린우리당	6750
인천광역시	2800	옹진군	13268	10165	9798	367	3103	열린우리당	2439
인천광역시	2800	중구	72876	34797	34232	565	38079	한나라당	20757
인천광역시	2800	동구	61515	30819	30244	575	30696	한나라당	17334
인천광역시	2800	남구	327614	140572	138590	1982	187042	한나라당	84647
인천광역시	2800	연수구	191076	88040	87180	860	103036	한나라당	54617
인천광역시	2800	남동구	284121	123414	122009	1405	160707	한나라당	69255
인천광역시	2800	부평구	425004	181468	179314	2154	243536	한나라당	98520
인천광역시	2800	계양구	239585	100433	99398	1035	139152	한나라당	54356
인천광역시	2800	서구	271645	114475	113111	1364	157170	한나라당	63108
인천광역시	2800	강화군	53699	35401	33837	1564	18298	한나라당	21717
인천광역시	2800	옹진군	13268	10165	9798	367	3103	한나라당	6104
인천광역시	2800	중구	72876	34797	34232	565	38079	민주당	2607
인천광역시	2800	동구	61515	30819	30244	575	30696	민주당	1933
인천광역시	2800	남구	327614	140572	138590	1982	187042	민주당	8159
인천광역시	2800	연수구	191076	88040	87180	860	103036	민주당	3596
인천광역시	2800	남동구	284121	123414	122009	1405	160707	민주당	9692
인천광역시	2800	부평구	425004	181468	179314	2154	243536	민주당	14924
인천광역시	2800	계양구	239585	100433	99398	1035	139152	민주당	7344
인천광역시	2800	서구	271645	114475	113111	1364	157170	민주당	8777
인천광역시	2800	강화군	53699	35401	33837	1564	18298	민주당	1419
인천광역시	2800	옹진군	13268	10165	9798	367	3103	민주당	413
인천광역시	2800	중구	72876	34797	34232	565	38079	민주노동당	3631
인천광역시	2800	동구	61515	30819	30244	575	30696	민주노동당	4947
인천광역시	2800	남구	327614	140572	138590	1982	187042	민주노동당	16991
인천광역시	2800	연수구	191076	88040	87180	860	103036	민주노동당	11210
인천광역시	2800	남동구	284121	123414	122009	1405	160707	민주노동당	17359
인천광역시	2800	부평구	425004	181468	179314	2154	243536	민주노동당	28865
인천광역시	2800	계양구	239585	100433	99398	1035	139152	민주노동당	13535
인천광역시	2800	서구	271645	114475	113111	1364	157170	민주노동당	15782
인천광역시	2800	강화군	53699	35401	33837	1564	18298	민주노동당	3226
인천광역시	2800	옹진군	13268	10165	9798	367	3103	민주노동당	601
인천광역시	2800	중구	72876	34797	34232	565	38079	희망사회당	263
인천광역시	2800	동구	61515	30819	30244	575	30696	희망사회당	343
인천광역시	2800	남구	327614	140572	138590	1982	187042	희망사회당	1103
인천광역시	2800	연수구	191076	88040	87180	860	103036	희망사회당	510
인천광역시	2800	남동구	284121	123414	122009	1405	160707	희망사회당	915
인천광역시	2800	부평구	425004	181468	179314	2154	243536	희망사회당	1537
인천광역시	2800	계양구	239585	100433	99398	1035	139152	희망사회당	753
인천광역시	2800	서구	271645	114475	113111	1364	157170	희망사회당	866
인천광역시	2800	강화군	53699	35401	33837	1564	18298	희망사회당	725
인천광역시	2800	옹진군	13268	10165	9798	367	3103	희망사회당	241
광주광역시	2900	동구	90767	43239	42492	747	47528	열린우리당	12460
광주광역시	2900	서구	221034	102565	101398	1167	118469	열린우리당	28996
광주광역시	2900	남구	161406	78304	77257	1047	83102	열린우리당	21589
광주광역시	2900	북구	333413	147710	145796	1914	185703	열린우리당	43257
광주광역시	2900	광산구	208000	97518	95966	1552	110482	열린우리당	25131
광주광역시	2900	동구	90767	43239	42492	747	47528	한나라당	2724
광주광역시	2900	서구	221034	102565	101398	1167	118469	한나라당	4840
광주광역시	2900	남구	161406	78304	77257	1047	83102	한나라당	3727
광주광역시	2900	북구	333413	147710	145796	1914	185703	한나라당	6679
광주광역시	2900	광산구	208000	97518	95966	1552	110482	한나라당	3937
광주광역시	2900	동구	90767	43239	42492	747	47528	민주당	21370
광주광역시	2900	서구	221034	102565	101398	1167	118469	민주당	48784
광주광역시	2900	남구	161406	78304	77257	1047	83102	민주당	41447
광주광역시	2900	북구	333413	147710	145796	1914	185703	민주당	71810
광주광역시	2900	광산구	208000	97518	95966	1552	110482	민주당	45120
광주광역시	2900	동구	90767	43239	42492	747	47528	민주노동당	5476
광주광역시	2900	서구	221034	102565	101398	1167	118469	민주노동당	18008
광주광역시	2900	남구	161406	78304	77257	1047	83102	민주노동당	9851
광주광역시	2900	북구	333413	147710	145796	1914	185703	민주노동당	22733
광주광역시	2900	광산구	208000	97518	95966	1552	110482	민주노동당	20501
광주광역시	2900	동구	90767	43239	42492	747	47528	희망사회당	462
광주광역시	2900	서구	221034	102565	101398	1167	118469	희망사회당	770
광주광역시	2900	남구	161406	78304	77257	1047	83102	희망사회당	643
광주광역시	2900	북구	333413	147710	145796	1914	185703	희망사회당	1317
광주광역시	2900	광산구	208000	97518	95966	1552	110482	희망사회당	1277
대전광역시	3000	동구	183206	87966	86348	1618	95240	열린우리당	22994
대전광역시	3000	중구	203076	100890	99351	1539	102186	열린우리당	25798
대전광역시	3000	서구	367265	182487	180402	2085	184778	열린우리당	47041
대전광역시	3000	유성구	164867	84059	83160	899	80808	열린우리당	23635
대전광역시	3000	대덕구	159054	77151	76064	1087	81903	열린우리당	19968
대전광역시	3000	동구	183206	87966	86348	1618	95240	한나라당	38154
대전광역시	3000	중구	203076	100890	99351	1539	102186	한나라당	46611
대전광역시	3000	서구	367265	182487	180402	2085	184778	한나라당	87338
대전광역시	3000	유성구	164867	84059	83160	899	80808	한나라당	38466
대전광역시	3000	대덕구	159054	77151	76064	1087	81903	한나라당	33220
대전광역시	3000	동구	183206	87966	86348	1618	95240	민주노동당	6875
대전광역시	3000	중구	203076	100890	99351	1539	102186	민주노동당	6739
대전광역시	3000	서구	367265	182487	180402	2085	184778	민주노동당	14981
대전광역시	3000	유성구	164867	84059	83160	899	80808	민주노동당	9004
대전광역시	3000	대덕구	159054	77151	76064	1087	81903	민주노동당	8475
대전광역시	3000	동구	183206	87966	86348	1618	95240	국민중심당	18325
대전광역시	3000	중구	203076	100890	99351	1539	102186	국민중심당	20203
대전광역시	3000	서구	367265	182487	180402	2085	184778	국민중심당	31042
대전광역시	3000	유성구	164867	84059	83160	899	80808	국민중심당	12055
대전광역시	3000	대덕구	159054	77151	76064	1087	81903	국민중심당	14401
울산광역시	3100	중구	175337	88547	87450	1097	86790	열린우리당	11516
울산광역시	3100	남구	250864	123848	122573	1275	127016	열린우리당	17353
울산광역시	3100	동구	136957	75740	74547	1193	61217	열린우리당	12311
울산광역시	3100	북구	99489	55383	54662	721	44106	열린우리당	5444
울산광역시	3100	울주군	127642	73690	71860	1830	53952	열린우리당	13658
울산광역시	3100	중구	175337	88547	87450	1097	86790	한나라당	55018
울산광역시	3100	남구	250864	123848	122573	1275	127016	한나라당	79105
울산광역시	3100	동구	136957	75740	74547	1193	61217	한나라당	35383
울산광역시	3100	북구	99489	55383	54662	721	44106	한나라당	26024
울산광역시	3100	울주군	127642	73690	71860	1830	53952	한나라당	45108
울산광역시	3100	중구	175337	88547	87450	1097	86790	민주노동당	20916
울산광역시	3100	남구	250864	123848	122573	1275	127016	민주노동당	26115
울산광역시	3100	동구	136957	75740	74547	1193	61217	민주노동당	26853
울산광역시	3100	북구	99489	55383	54662	721	44106	민주노동당	23194
울산광역시	3100	울주군	127642	73690	71860	1830	53952	민주노동당	13094
경기도	4100	수원시장안구	206015	98090	97175	915	107925	열린우리당	20800
경기도	4100	수원시권선구	217455	97488	96538	950	119967	열린우리당	21113
경기도	4100	수원시팔달구	166662	72027	71191	836	94635	열린우리당	15015
경기도	4100	수원시영통구	173454	82010	81414	596	91444	열린우리당	18738
경기도	4100	성남시수정구	206678	84874	83764	1110	121804	열린우리당	20397
경기도	4100	성남시중원구	207205	82653	81621	1032	124552	열린우리당	18513
경기도	4100	성남시분당구	330404	164185	162962	1223	166219	열린우리당	27769
경기도	4100	의정부시	299556	130371	129037	1334	169185	열린우리당	31967
경기도	4100	안양시만안구	204688	95585	94575	1010	109103	열린우리당	22268
경기도	4100	안양시동안구	259321	134640	133417	1223	124681	열린우리당	30426
경기도	4100	부천시원미구	327003	143405	142116	1289	183598	열린우리당	33984
경기도	4100	부천시소사구	170625	78652	77743	909	91973	열린우리당	16967
경기도	4100	부천시오정구	137195	53685	53012	673	83510	열린우리당	13040
경기도	4100	광명시	239187	112868	111643	1225	126319	열린우리당	25743
경기도	4100	평택시	284458	139664	137554	2110	144794	열린우리당	28513
경기도	4100	양주시	121097	61139	59965	1174	59958	열린우리당	14069
경기도	4100	동두천시	63655	33133	32404	729	30522	열린우리당	8459
경기도	4100	안산시상록구	253921	102637	101547	1090	151284	열린우리당	23669
경기도	4100	안산시단원구	230496	94603	93556	1047	135893	열린우리당	21682
경기도	4100	고양시덕양구	287230	130060	128723	1337	157170	열린우리당	28995
경기도	4100	고양시일산동구	162750	73918	73277	641	88832	열린우리당	15638
경기도	4100	고양시일산서구	201819	95295	94502	793	106524	열린우리당	20875
경기도	4100	과천시	43524	25788	25539	249	17736	열린우리당	5607
경기도	4100	의왕시	105917	53779	53256	523	52138	열린우리당	12469
경기도	4100	구리시	140385	68673	67909	764	71712	열린우리당	16536
경기도	4100	남양주시	336528	148531	146688	1843	187997	열린우리당	30796
경기도	4100	오산시	94380	45851	45176	675	48529	열린우리당	10930
경기도	4100	화성시	223162	100405	98868	1537	122757	열린우리당	21504
경기도	4100	시흥시	271413	109489	108318	1171	161924	열린우리당	26305
경기도	4100	군포시	203276	103780	102901	879	99496	열린우리당	25407
경기도	4100	하남시	103677	52353	51530	823	51324	열린우리당	10255
경기도	4100	파주시	206376	98469	96792	1677	107907	열린우리당	20262
경기도	4100	여주군	79881	41534	40500	1034	38347	열린우리당	8681
경기도	4100	이천시	140754	66684	65410	1274	74070	열린우리당	14183
경기도	4100	용인시처인구	146083	67524	66277	1247	78559	열린우리당	16547
경기도	4100	용인시수지구	196871	97192	96546	646	99679	열린우리당	18401
경기도	4100	용인시기흥구	175478	84667	83837	830	90811	열린우리당	18448
경기도	4100	안성시	119170	64430	63089	1341	54740	열린우리당	15388
경기도	4100	김포시	152704	77094	75962	1132	75610	열린우리당	16989
경기도	4100	광주시	161569	73074	72028	1046	88495	열린우리당	15071
경기도	4100	포천시	117916	59908	58468	1440	58008	열린우리당	13498
경기도	4100	연천군	36970	22967	22268	699	14003	열린우리당	5575
경기도	4100	양평군	68290	42692	41521	1171	25598	열린우리당	7341
경기도	4100	가평군	43630	29655	28641	1014	13975	열린우리당	6063
경기도	4100	수원시장안구	206015	98090	97175	915	107925	한나라당	56733
경기도	4100	수원시권선구	217455	97488	96538	950	119967	한나라당	56977
경기도	4100	수원시팔달구	166662	72027	71191	836	94635	한나라당	43445
경기도	4100	수원시영통구	173454	82010	81414	596	91444	한나라당	47824
경기도	4100	성남시수정구	206678	84874	83764	1110	121804	한나라당	39991
경기도	4100	성남시중원구	207205	82653	81621	1032	124552	한나라당	39393
경기도	4100	성남시분당구	330404	164185	162962	1223	166219	한나라당	111428
경기도	4100	의정부시	299556	130371	129037	1334	169185	한나라당	75880
경기도	4100	안양시만안구	204688	95585	94575	1010	109103	한나라당	53501
경기도	4100	안양시동안구	259321	134640	133417	1223	124681	한나라당	78248
경기도	4100	부천시원미구	327003	143405	142116	1289	183598	한나라당	80384
경기도	4100	부천시소사구	170625	78652	77743	909	91973	한나라당	44906
경기도	4100	부천시오정구	137195	53685	53012	673	83510	한나라당	27587
경기도	4100	광명시	239187	112868	111643	1225	126319	한나라당	59644
경기도	4100	평택시	284458	139664	137554	2110	144794	한나라당	78068
경기도	4100	양주시	121097	61139	59965	1174	59958	한나라당	35568
경기도	4100	동두천시	63655	33133	32404	729	30522	한나라당	19554
경기도	4100	안산시상록구	253921	102637	101547	1090	151284	한나라당	53401
경기도	4100	안산시단원구	230496	94603	93556	1047	135893	한나라당	49869
경기도	4100	고양시덕양구	287230	130060	128723	1337	157170	한나라당	75560
경기도	4100	고양시일산동구	162750	73918	73277	641	88832	한나라당	45737
경기도	4100	고양시일산서구	201819	95295	94502	793	106524	한나라당	58066
경기도	4100	과천시	43524	25788	25539	249	17736	한나라당	15716
경기도	4100	의왕시	105917	53779	53256	523	52138	한나라당	30967
경기도	4100	구리시	140385	68673	67909	764	71712	한나라당	39232
경기도	4100	남양주시	336528	148531	146688	1843	187997	한나라당	87757
경기도	4100	오산시	94380	45851	45176	675	48529	한나라당	25120
경기도	4100	화성시	223162	100405	98868	1537	122757	한나라당	59821
경기도	4100	시흥시	271413	109489	108318	1171	161924	한나라당	57677
경기도	4100	군포시	203276	103780	102901	879	99496	한나라당	57052
경기도	4100	하남시	103677	52353	51530	823	51324	한나라당	30912
경기도	4100	파주시	206376	98469	96792	1677	107907	한나라당	63334
경기도	4100	여주군	79881	41534	40500	1034	38347	한나라당	25569
경기도	4100	이천시	140754	66684	65410	1274	74070	한나라당	40656
경기도	4100	용인시처인구	146083	67524	66277	1247	78559	한나라당	40429
경기도	4100	용인시수지구	196871	97192	96546	646	99679	한나라당	65572
경기도	4100	용인시기흥구	175478	84667	83837	830	90811	한나라당	52736
경기도	4100	안성시	119170	64430	63089	1341	54740	한나라당	35791
경기도	4100	김포시	152704	77094	75962	1132	75610	한나라당	47883
경기도	4100	광주시	161569	73074	72028	1046	88495	한나라당	44477
경기도	4100	포천시	117916	59908	58468	1440	58008	한나라당	37064
경기도	4100	연천군	36970	22967	22268	699	14003	한나라당	13134
경기도	4100	양평군	68290	42692	41521	1171	25598	한나라당	28034
경기도	4100	가평군	43630	29655	28641	1014	13975	한나라당	18461
경기도	4100	수원시장안구	206015	98090	97175	915	107925	민주당	5715
경기도	4100	수원시권선구	217455	97488	96538	950	119967	민주당	4924
경기도	4100	수원시팔달구	166662	72027	71191	836	94635	민주당	4066
경기도	4100	수원시영통구	173454	82010	81414	596	91444	민주당	3560
경기도	4100	성남시수정구	206678	84874	83764	1110	121804	민주당	10380
경기도	4100	성남시중원구	207205	82653	81621	1032	124552	민주당	10742
경기도	4100	성남시분당구	330404	164185	162962	1223	166219	민주당	9017
경기도	4100	의정부시	299556	130371	129037	1334	169185	민주당	6139
경기도	4100	안양시만안구	204688	95585	94575	1010	109103	민주당	7011
경기도	4100	안양시동안구	259321	134640	133417	1223	124681	민주당	8676
경기도	4100	부천시원미구	327003	143405	142116	1289	183598	민주당	10023
경기도	4100	부천시소사구	170625	78652	77743	909	91973	민주당	6038
경기도	4100	부천시오정구	137195	53685	53012	673	83510	민주당	6334
경기도	4100	광명시	239187	112868	111643	1225	126319	민주당	11883
경기도	4100	평택시	284458	139664	137554	2110	144794	민주당	5608
경기도	4100	양주시	121097	61139	59965	1174	59958	민주당	3583
경기도	4100	동두천시	63655	33133	32404	729	30522	민주당	1512
경기도	4100	안산시상록구	253921	102637	101547	1090	151284	민주당	9088
경기도	4100	안산시단원구	230496	94603	93556	1047	135893	민주당	8107
경기도	4100	고양시덕양구	287230	130060	128723	1337	157170	민주당	9314
경기도	4100	고양시일산동구	162750	73918	73277	641	88832	민주당	4221
경기도	4100	고양시일산서구	201819	95295	94502	793	106524	민주당	5420
경기도	4100	과천시	43524	25788	25539	249	17736	민주당	1243
경기도	4100	의왕시	105917	53779	53256	523	52138	민주당	3701
경기도	4100	구리시	140385	68673	67909	764	71712	민주당	4409
경기도	4100	남양주시	336528	148531	146688	1843	187997	민주당	9866
경기도	4100	오산시	94380	45851	45176	675	48529	민주당	2662
경기도	4100	화성시	223162	100405	98868	1537	122757	민주당	4049
경기도	4100	시흥시	271413	109489	108318	1171	161924	민주당	9599
경기도	4100	군포시	203276	103780	102901	879	99496	민주당	6797
경기도	4100	하남시	103677	52353	51530	823	51324	민주당	4010
경기도	4100	파주시	206376	98469	96792	1677	107907	민주당	3760
경기도	4100	여주군	79881	41534	40500	1034	38347	민주당	1217
경기도	4100	이천시	140754	66684	65410	1274	74070	민주당	3275
경기도	4100	용인시처인구	146083	67524	66277	1247	78559	민주당	3008
경기도	4100	용인시수지구	196871	97192	96546	646	99679	민주당	4086
경기도	4100	용인시기흥구	175478	84667	83837	830	90811	민주당	3858
경기도	4100	안성시	119170	64430	63089	1341	54740	민주당	2098
경기도	4100	김포시	152704	77094	75962	1132	75610	민주당	4291
경기도	4100	광주시	161569	73074	72028	1046	88495	민주당	6186
경기도	4100	포천시	117916	59908	58468	1440	58008	민주당	2245
경기도	4100	연천군	36970	22967	22268	699	14003	민주당	1258
경기도	4100	양평군	68290	42692	41521	1171	25598	민주당	1769
경기도	4100	가평군	43630	29655	28641	1014	13975	민주당	1206
경기도	4100	수원시장안구	206015	98090	97175	915	107925	민주노동당	12821
경기도	4100	수원시권선구	217455	97488	96538	950	119967	민주노동당	12167
경기도	4100	수원시팔달구	166662	72027	71191	836	94635	민주노동당	7832
경기도	4100	수원시영통구	173454	82010	81414	596	91444	민주노동당	10549
경기도	4100	성남시수정구	206678	84874	83764	1110	121804	민주노동당	11594
경기도	4100	성남시중원구	207205	82653	81621	1032	124552	민주노동당	11984
경기도	4100	성남시분당구	330404	164185	162962	1223	166219	민주노동당	13623
경기도	4100	의정부시	299556	130371	129037	1334	169185	민주노동당	13834
경기도	4100	안양시만안구	204688	95585	94575	1010	109103	민주노동당	10488
경기도	4100	안양시동안구	259321	134640	133417	1223	124681	민주노동당	14537
경기도	4100	부천시원미구	327003	143405	142116	1289	183598	민주노동당	15602
경기도	4100	부천시소사구	170625	78652	77743	909	91973	민주노동당	8484
경기도	4100	부천시오정구	137195	53685	53012	673	83510	민주노동당	5240
경기도	4100	광명시	239187	112868	111643	1225	126319	민주노동당	12405
경기도	4100	평택시	284458	139664	137554	2110	144794	민주노동당	21634
경기도	4100	양주시	121097	61139	59965	1174	59958	민주노동당	5443
경기도	4100	동두천시	63655	33133	32404	729	30522	민주노동당	2399
경기도	4100	안산시상록구	253921	102637	101547	1090	151284	민주노동당	13847
경기도	4100	안산시단원구	230496	94603	93556	1047	135893	민주노동당	12539
경기도	4100	고양시덕양구	287230	130060	128723	1337	157170	민주노동당	13617
경기도	4100	고양시일산동구	162750	73918	73277	641	88832	민주노동당	7063
경기도	4100	고양시일산서구	201819	95295	94502	793	106524	민주노동당	9316
경기도	4100	과천시	43524	25788	25539	249	17736	민주노동당	2776
경기도	4100	의왕시	105917	53779	53256	523	52138	민주노동당	5304
경기도	4100	구리시	140385	68673	67909	764	71712	민주노동당	7024
경기도	4100	남양주시	336528	148531	146688	1843	187997	민주노동당	16461
경기도	4100	오산시	94380	45851	45176	675	48529	민주노동당	5027
경기도	4100	화성시	223162	100405	98868	1537	122757	민주노동당	12046
경기도	4100	시흥시	271413	109489	108318	1171	161924	민주노동당	13113
경기도	4100	군포시	203276	103780	102901	879	99496	민주노동당	12301
경기도	4100	하남시	103677	52353	51530	823	51324	민주노동당	5524
경기도	4100	파주시	206376	98469	96792	1677	107907	민주노동당	7678
경기도	4100	여주군	79881	41534	40500	1034	38347	민주노동당	3867
경기도	4100	이천시	140754	66684	65410	1274	74070	민주노동당	6158
경기도	4100	용인시처인구	146083	67524	66277	1247	78559	민주노동당	5370
경기도	4100	용인시수지구	196871	97192	96546	646	99679	민주노동당	7902
경기도	4100	용인시기흥구	175478	84667	83837	830	90811	민주노동당	7955
경기도	4100	안성시	119170	64430	63089	1341	54740	민주노동당	8153
경기도	4100	김포시	152704	77094	75962	1132	75610	민주노동당	5822
경기도	4100	광주시	161569	73074	72028	1046	88495	민주노동당	5534
경기도	4100	포천시	117916	59908	58468	1440	58008	민주노동당	4330
경기도	4100	연천군	36970	22967	22268	699	14003	민주노동당	1560
경기도	4100	양평군	68290	42692	41521	1171	25598	민주노동당	3176
경기도	4100	가평군	43630	29655	28641	1014	13975	민주노동당	2014
경기도	4100	수원시장안구	206015	98090	97175	915	107925	국민중심당	668
경기도	4100	수원시권선구	217455	97488	96538	950	119967	국민중심당	830
경기도	4100	수원시팔달구	166662	72027	71191	836	94635	국민중심당	446
경기도	4100	수원시영통구	173454	82010	81414	596	91444	국민중심당	442
경기도	4100	성남시수정구	206678	84874	83764	1110	121804	국민중심당	950
경기도	4100	성남시중원구	207205	82653	81621	1032	124552	국민중심당	535
경기도	4100	성남시분당구	330404	164185	162962	1223	166219	국민중심당	634
경기도	4100	의정부시	299556	130371	129037	1334	169185	국민중심당	588
경기도	4100	안양시만안구	204688	95585	94575	1010	109103	국민중심당	788
경기도	4100	안양시동안구	259321	134640	133417	1223	124681	국민중심당	1021
경기도	4100	부천시원미구	327003	143405	142116	1289	183598	국민중심당	1454
경기도	4100	부천시소사구	170625	78652	77743	909	91973	국민중심당	981
경기도	4100	부천시오정구	137195	53685	53012	673	83510	국민중심당	565
경기도	4100	광명시	239187	112868	111643	1225	126319	국민중심당	1469
경기도	4100	평택시	284458	139664	137554	2110	144794	국민중심당	2702
경기도	4100	양주시	121097	61139	59965	1174	59958	국민중심당	372
경기도	4100	동두천시	63655	33133	32404	729	30522	국민중심당	180
경기도	4100	안산시상록구	253921	102637	101547	1090	151284	국민중심당	985
경기도	4100	안산시단원구	230496	94603	93556	1047	135893	국민중심당	930
경기도	4100	고양시덕양구	287230	130060	128723	1337	157170	국민중심당	596
경기도	4100	고양시일산동구	162750	73918	73277	641	88832	국민중심당	311
경기도	4100	고양시일산서구	201819	95295	94502	793	106524	국민중심당	447
경기도	4100	과천시	43524	25788	25539	249	17736	국민중심당	127
경기도	4100	의왕시	105917	53779	53256	523	52138	국민중심당	543
경기도	4100	구리시	140385	68673	67909	764	71712	국민중심당	337
경기도	4100	남양주시	336528	148531	146688	1843	187997	국민중심당	888
경기도	4100	오산시	94380	45851	45176	675	48529	국민중심당	1056
경기도	4100	화성시	223162	100405	98868	1537	122757	국민중심당	678
경기도	4100	시흥시	271413	109489	108318	1171	161924	국민중심당	830
경기도	4100	군포시	203276	103780	102901	879	99496	국민중심당	989
경기도	4100	하남시	103677	52353	51530	823	51324	국민중심당	389
경기도	4100	파주시	206376	98469	96792	1677	107907	국민중심당	546
경기도	4100	여주군	79881	41534	40500	1034	38347	국민중심당	700
경기도	4100	이천시	140754	66684	65410	1274	74070	국민중심당	530
경기도	4100	용인시처인구	146083	67524	66277	1247	78559	국민중심당	455
경기도	4100	용인시수지구	196871	97192	96546	646	99679	국민중심당	338
경기도	4100	용인시기흥구	175478	84667	83837	830	90811	국민중심당	526
경기도	4100	안성시	119170	64430	63089	1341	54740	국민중심당	776
경기도	4100	김포시	152704	77094	75962	1132	75610	국민중심당	403
경기도	4100	광주시	161569	73074	72028	1046	88495	국민중심당	390
경기도	4100	포천시	117916	59908	58468	1440	58008	국민중심당	457
경기도	4100	연천군	36970	22967	22268	699	14003	국민중심당	268
경기도	4100	양평군	68290	42692	41521	1171	25598	국민중심당	475
경기도	4100	가평군	43630	29655	28641	1014	13975	국민중심당	313
경기도	4100	수원시장안구	206015	98090	97175	915	107925	희망사회당	438
경기도	4100	수원시권선구	217455	97488	96538	950	119967	희망사회당	527
경기도	4100	수원시팔달구	166662	72027	71191	836	94635	희망사회당	387
경기도	4100	수원시영통구	173454	82010	81414	596	91444	희망사회당	301
경기도	4100	성남시수정구	206678	84874	83764	1110	121804	희망사회당	452
경기도	4100	성남시중원구	207205	82653	81621	1032	124552	희망사회당	454
경기도	4100	성남시분당구	330404	164185	162962	1223	166219	희망사회당	491
경기도	4100	의정부시	299556	130371	129037	1334	169185	희망사회당	629
경기도	4100	안양시만안구	204688	95585	94575	1010	109103	희망사회당	519
경기도	4100	안양시동안구	259321	134640	133417	1223	124681	희망사회당	509
경기도	4100	부천시원미구	327003	143405	142116	1289	183598	희망사회당	669
경기도	4100	부천시소사구	170625	78652	77743	909	91973	희망사회당	367
경기도	4100	부천시오정구	137195	53685	53012	673	83510	희망사회당	246
경기도	4100	광명시	239187	112868	111643	1225	126319	희망사회당	499
경기도	4100	평택시	284458	139664	137554	2110	144794	희망사회당	1029
경기도	4100	양주시	121097	61139	59965	1174	59958	희망사회당	930
경기도	4100	동두천시	63655	33133	32404	729	30522	희망사회당	300
경기도	4100	안산시상록구	253921	102637	101547	1090	151284	희망사회당	557
경기도	4100	안산시단원구	230496	94603	93556	1047	135893	희망사회당	429
경기도	4100	고양시덕양구	287230	130060	128723	1337	157170	희망사회당	641
경기도	4100	고양시일산동구	162750	73918	73277	641	88832	희망사회당	307
경기도	4100	고양시일산서구	201819	95295	94502	793	106524	희망사회당	378
경기도	4100	과천시	43524	25788	25539	249	17736	희망사회당	70
경기도	4100	의왕시	105917	53779	53256	523	52138	희망사회당	272
경기도	4100	구리시	140385	68673	67909	764	71712	희망사회당	371
경기도	4100	남양주시	336528	148531	146688	1843	187997	희망사회당	920
경기도	4100	오산시	94380	45851	45176	675	48529	희망사회당	381
경기도	4100	화성시	223162	100405	98868	1537	122757	희망사회당	770
경기도	4100	시흥시	271413	109489	108318	1171	161924	희망사회당	794
경기도	4100	군포시	203276	103780	102901	879	99496	희망사회당	355
경기도	4100	하남시	103677	52353	51530	823	51324	희망사회당	440
경기도	4100	파주시	206376	98469	96792	1677	107907	희망사회당	1212
경기도	4100	여주군	79881	41534	40500	1034	38347	희망사회당	466
경기도	4100	이천시	140754	66684	65410	1274	74070	희망사회당	608
경기도	4100	용인시처인구	146083	67524	66277	1247	78559	희망사회당	468
경기도	4100	용인시수지구	196871	97192	96546	646	99679	희망사회당	247
경기도	4100	용인시기흥구	175478	84667	83837	830	90811	희망사회당	314
경기도	4100	안성시	119170	64430	63089	1341	54740	희망사회당	883
경기도	4100	김포시	152704	77094	75962	1132	75610	희망사회당	574
경기도	4100	광주시	161569	73074	72028	1046	88495	희망사회당	370
경기도	4100	포천시	117916	59908	58468	1440	58008	희망사회당	874
경기도	4100	연천군	36970	22967	22268	699	14003	희망사회당	473
경기도	4100	양평군	68290	42692	41521	1171	25598	희망사회당	726
경기도	4100	가평군	43630	29655	28641	1014	13975	희망사회당	584
강원도	4200	춘천시	192644	104119	101533	2586	88525	열린우리당	24956
강원도	4200	원주시	215770	106892	104639	2253	108878	열린우리당	25485
강원도	4200	강릉시	171138	92505	90609	1896	78633	열린우리당	17196
강원도	4200	동해시	74884	43269	42133	1136	31615	열린우리당	8403
강원도	4200	삼척시	57751	39786	38260	1526	17965	열린우리당	8030
강원도	4200	태백시	41345	27806	27107	699	13539	열린우리당	6923
강원도	4200	정선군	35948	25156	24431	725	10792	열린우리당	7817
강원도	4200	속초시	64750	34118	33357	761	30632	열린우리당	7852
강원도	4200	고성군	25708	18722	17889	833	6986	열린우리당	4942
강원도	4200	양양군	23582	16898	16158	740	6684	열린우리당	3791
강원도	4200	인제군	25130	18225	17593	632	6905	열린우리당	5825
강원도	4200	홍천군	55429	33769	32703	1066	21660	열린우리당	9839
강원도	4200	횡성군	35200	24117	23240	877	11083	열린우리당	6977
강원도	4200	영월군	33449	22725	22144	581	10724	열린우리당	7536
강원도	4200	평창군	36045	23370	22812	558	12675	열린우리당	7515
강원도	4200	화천군	18404	13078	12530	548	5326	열린우리당	3182
강원도	4200	양구군	16454	12040	11443	597	4414	열린우리당	2894
강원도	4200	철원군	37346	24932	24175	757	12414	열린우리당	6622
강원도	4200	춘천시	192644	104119	101533	2586	88525	한나라당	58256
강원도	4200	원주시	215770	106892	104639	2253	108878	한나라당	64775
강원도	4200	강릉시	171138	92505	90609	1896	78633	한나라당	63873
강원도	4200	동해시	74884	43269	42133	1136	31615	한나라당	28916
강원도	4200	삼척시	57751	39786	38260	1526	17965	한나라당	25707
강원도	4200	태백시	41345	27806	27107	699	13539	한나라당	17244
강원도	4200	정선군	35948	25156	24431	725	10792	한나라당	14240
강원도	4200	속초시	64750	34118	33357	761	30632	한나라당	21703
강원도	4200	고성군	25708	18722	17889	833	6986	한나라당	11262
강원도	4200	양양군	23582	16898	16158	740	6684	한나라당	10390
강원도	4200	인제군	25130	18225	17593	632	6905	한나라당	10038
강원도	4200	홍천군	55429	33769	32703	1066	21660	한나라당	19154
강원도	4200	횡성군	35200	24117	23240	877	11083	한나라당	13230
강원도	4200	영월군	33449	22725	22144	581	10724	한나라당	12657
강원도	4200	평창군	36045	23370	22812	558	12675	한나라당	13246
강원도	4200	화천군	18404	13078	12530	548	5326	한나라당	7318
강원도	4200	양구군	16454	12040	11443	597	4414	한나라당	6690
강원도	4200	철원군	37346	24932	24175	757	12414	한나라당	14092
강원도	4200	춘천시	192644	104119	101533	2586	88525	민주노동당	18321
강원도	4200	원주시	215770	106892	104639	2253	108878	민주노동당	14379
강원도	4200	강릉시	171138	92505	90609	1896	78633	민주노동당	9540
강원도	4200	동해시	74884	43269	42133	1136	31615	민주노동당	4814
강원도	4200	삼척시	57751	39786	38260	1526	17965	민주노동당	4523
강원도	4200	태백시	41345	27806	27107	699	13539	민주노동당	2940
강원도	4200	정선군	35948	25156	24431	725	10792	민주노동당	2374
강원도	4200	속초시	64750	34118	33357	761	30632	민주노동당	3802
강원도	4200	고성군	25708	18722	17889	833	6986	민주노동당	1685
강원도	4200	양양군	23582	16898	16158	740	6684	민주노동당	1977
강원도	4200	인제군	25130	18225	17593	632	6905	민주노동당	1730
강원도	4200	홍천군	55429	33769	32703	1066	21660	민주노동당	3710
강원도	4200	횡성군	35200	24117	23240	877	11083	민주노동당	3033
강원도	4200	영월군	33449	22725	22144	581	10724	민주노동당	1951
강원도	4200	평창군	36045	23370	22812	558	12675	민주노동당	2051
강원도	4200	화천군	18404	13078	12530	548	5326	민주노동당	2030
강원도	4200	양구군	16454	12040	11443	597	4414	민주노동당	1859
강원도	4200	철원군	37346	24932	24175	757	12414	민주노동당	3461
충청북도	4300	청주시상당구	188493	89042	87684	1358	99451	열린우리당	23116
충청북도	4300	청주시흥덕구	269249	121819	120100	1719	147430	열린우리당	32863
충청북도	4300	충주시	155769	83465	81472	1993	72304	열린우리당	24601
충청북도	4300	제천시	105920	60203	58766	1437	45717	열린우리당	15205
충청북도	4300	단양군	27458	19534	18878	656	7924	열린우리당	5660
충청북도	4300	청원군	95259	53190	51676	1514	42069	열린우리당	16569
충청북도	4300	영동군	41700	29568	28566	1002	12132	열린우리당	9803
충청북도	4300	보은군	30273	22889	22126	763	7384	열린우리당	8778
충청북도	4300	옥천군	44454	31349	30166	1183	13105	열린우리당	10907
충청북도	4300	음성군	66010	38459	37155	1304	27551	열린우리당	10721
충청북도	4300	진천군	46069	28090	27202	888	17979	열린우리당	7889
충청북도	4300	괴산군	32511	23934	22706	1228	8577	열린우리당	6170
충청북도	4300	증평군	23117	14516	14022	494	8601	열린우리당	3924
충청북도	4300	청주시상당구	188493	89042	87684	1358	99451	한나라당	49891
충청북도	4300	청주시흥덕구	269249	121819	120100	1719	147430	한나라당	66023
충청북도	4300	충주시	155769	83465	81472	1993	72304	한나라당	46543
충청북도	4300	제천시	105920	60203	58766	1437	45717	한나라당	33404
충청북도	4300	단양군	27458	19534	18878	656	7924	한나라당	10883
충청북도	4300	청원군	95259	53190	51676	1514	42069	한나라당	25657
충청북도	4300	영동군	41700	29568	28566	1002	12132	한나라당	15189
충청북도	4300	보은군	30273	22889	22126	763	7384	한나라당	10026
충청북도	4300	옥천군	44454	31349	30166	1183	13105	한나라당	14658
충청북도	4300	음성군	66010	38459	37155	1304	27551	한나라당	20045
충청북도	4300	진천군	46069	28090	27202	888	17979	한나라당	13639
충청북도	4300	괴산군	32511	23934	22706	1228	8577	한나라당	11498
충청북도	4300	증평군	23117	14516	14022	494	8601	한나라당	7699
충청북도	4300	청주시상당구	188493	89042	87684	1358	99451	민주노동당	11009
충청북도	4300	청주시흥덕구	269249	121819	120100	1719	147430	민주노동당	16622
충청북도	4300	충주시	155769	83465	81472	1993	72304	민주노동당	8261
충청북도	4300	제천시	105920	60203	58766	1437	45717	민주노동당	8569
충청북도	4300	단양군	27458	19534	18878	656	7924	민주노동당	1665
충청북도	4300	청원군	95259	53190	51676	1514	42069	민주노동당	5068
충청북도	4300	영동군	41700	29568	28566	1002	12132	민주노동당	2687
충청북도	4300	보은군	30273	22889	22126	763	7384	민주노동당	1907
충청북도	4300	옥천군	44454	31349	30166	1183	13105	민주노동당	3070
충청북도	4300	음성군	66010	38459	37155	1304	27551	민주노동당	4982
충청북도	4300	진천군	46069	28090	27202	888	17979	민주노동당	4863
충청북도	4300	괴산군	32511	23934	22706	1228	8577	민주노동당	3766
충청북도	4300	증평군	23117	14516	14022	494	8601	민주노동당	1834
충청북도	4300	청주시상당구	188493	89042	87684	1358	99451	국민중심당	3668
충청북도	4300	청주시흥덕구	269249	121819	120100	1719	147430	국민중심당	4592
충청북도	4300	충주시	155769	83465	81472	1993	72304	국민중심당	2067
충청북도	4300	제천시	105920	60203	58766	1437	45717	국민중심당	1588
충청북도	4300	단양군	27458	19534	18878	656	7924	국민중심당	670
충청북도	4300	청원군	95259	53190	51676	1514	42069	국민중심당	4382
충청북도	4300	영동군	41700	29568	28566	1002	12132	국민중심당	887
충청북도	4300	보은군	30273	22889	22126	763	7384	국민중심당	1415
충청북도	4300	옥천군	44454	31349	30166	1183	13105	국민중심당	1531
충청북도	4300	음성군	66010	38459	37155	1304	27551	국민중심당	1407
충청북도	4300	진천군	46069	28090	27202	888	17979	국민중심당	811
충청북도	4300	괴산군	32511	23934	22706	1228	8577	국민중심당	1272
충청북도	4300	증평군	23117	14516	14022	494	8601	국민중심당	565
충청남도	4400	천안시	372195	162678	160405	2273	209517	열린우리당	32342
충청남도	4400	공주시	100960	61078	59199	1879	39882	열린우리당	12137
충청남도	4400	보령시	84236	52538	50820	1718	31698	열린우리당	10332
충청남도	4400	아산시	156817	74768	72857	1911	82049	열린우리당	12705
충청남도	4400	서산시	112204	61308	59717	1591	50896	열린우리당	12565
충청남도	4400	태안군	51770	35082	33706	1376	16688	열린우리당	7619
충청남도	4400	금산군	47627	32266	31122	1144	15361	열린우리당	6170
충청남도	4400	연기군	65548	39858	38715	1143	25690	열린우리당	12751
충청남도	4400	논산시	104305	57833	55884	1949	46472	열린우리당	12150
충청남도	4400	계룡시	24442	15356	15116	240	9086	열린우리당	3006
충청남도	4400	부여군	65087	41902	40139	1763	23185	열린우리당	6354
충청남도	4400	서천군	52107	37465	35915	1550	14642	열린우리당	10302
충청남도	4400	홍성군	71168	44370	42738	1632	26798	열린우리당	7282
충청남도	4400	청양군	28517	21470	20666	804	7047	열린우리당	2566
충청남도	4400	예산군	72864	44386	43154	1232	28478	열린우리당	5786
충청남도	4400	당진군	93393	55972	54263	1709	37421	열린우리당	11395
충청남도	4400	천안시	372195	162678	160405	2273	209517	한나라당	81008
충청남도	4400	공주시	100960	61078	59199	1879	39882	한나라당	17190
충청남도	4400	보령시	84236	52538	50820	1718	31698	한나라당	20422
충청남도	4400	아산시	156817	74768	72857	1911	82049	한나라당	32746
충청남도	4400	서산시	112204	61308	59717	1591	50896	한나라당	22131
충청남도	4400	태안군	51770	35082	33706	1376	16688	한나라당	11546
충청남도	4400	금산군	47627	32266	31122	1144	15361	한나라당	11830
충청남도	4400	연기군	65548	39858	38715	1143	25690	한나라당	10863
충청남도	4400	논산시	104305	57833	55884	1949	46472	한나라당	17501
충청남도	4400	계룡시	24442	15356	15116	240	9086	한나라당	7552
충청남도	4400	부여군	65087	41902	40139	1763	23185	한나라당	14950
충청남도	4400	서천군	52107	37465	35915	1550	14642	한나라당	11495
충청남도	4400	홍성군	71168	44370	42738	1632	26798	한나라당	21998
충청남도	4400	청양군	28517	21470	20666	804	7047	한나라당	8895
충청남도	4400	예산군	72864	44386	43154	1232	28478	한나라당	25557
충청남도	4400	당진군	93393	55972	54263	1709	37421	한나라당	20938
충청남도	4400	천안시	372195	162678	160405	2273	209517	민주노동당	20309
충청남도	4400	공주시	100960	61078	59199	1879	39882	민주노동당	4232
충청남도	4400	보령시	84236	52538	50820	1718	31698	민주노동당	3822
충청남도	4400	아산시	156817	74768	72857	1911	82049	민주노동당	8679
충청남도	4400	서산시	112204	61308	59717	1591	50896	민주노동당	6209
충청남도	4400	태안군	51770	35082	33706	1376	16688	민주노동당	2059
충청남도	4400	금산군	47627	32266	31122	1144	15361	민주노동당	1828
충청남도	4400	연기군	65548	39858	38715	1143	25690	민주노동당	2209
충청남도	4400	논산시	104305	57833	55884	1949	46472	민주노동당	3631
충청남도	4400	계룡시	24442	15356	15116	240	9086	민주노동당	775
충청남도	4400	부여군	65087	41902	40139	1763	23185	민주노동당	3312
충청남도	4400	서천군	52107	37465	35915	1550	14642	민주노동당	2449
충청남도	4400	홍성군	71168	44370	42738	1632	26798	민주노동당	2556
충청남도	4400	청양군	28517	21470	20666	804	7047	민주노동당	1573
충청남도	4400	예산군	72864	44386	43154	1232	28478	민주노동당	2273
충청남도	4400	당진군	93393	55972	54263	1709	37421	민주노동당	4553
충청남도	4400	천안시	372195	162678	160405	2273	209517	국민중심당	26746
충청남도	4400	공주시	100960	61078	59199	1879	39882	국민중심당	25640
충청남도	4400	보령시	84236	52538	50820	1718	31698	국민중심당	16244
충청남도	4400	아산시	156817	74768	72857	1911	82049	국민중심당	18727
충청남도	4400	서산시	112204	61308	59717	1591	50896	국민중심당	18812
충청남도	4400	태안군	51770	35082	33706	1376	16688	국민중심당	12482
충청남도	4400	금산군	47627	32266	31122	1144	15361	국민중심당	11294
충청남도	4400	연기군	65548	39858	38715	1143	25690	국민중심당	12892
충청남도	4400	논산시	104305	57833	55884	1949	46472	국민중심당	22602
충청남도	4400	계룡시	24442	15356	15116	240	9086	국민중심당	3783
충청남도	4400	부여군	65087	41902	40139	1763	23185	국민중심당	15523
충청남도	4400	서천군	52107	37465	35915	1550	14642	국민중심당	11669
충청남도	4400	홍성군	71168	44370	42738	1632	26798	국민중심당	10902
충청남도	4400	청양군	28517	21470	20666	804	7047	국민중심당	7632
충청남도	4400	예산군	72864	44386	43154	1232	28478	국민중심당	9538
충청남도	4400	당진군	93393	55972	54263	1709	37421	국민중심당	17377
전라북도	4500	전주시완산구	252082	121289	119334	1955	130793	열린우리당	48214
전라북도	4500	전주시덕진구	198612	94134	92615	1519	104478	열린우리당	37453
전라북도	4500	군산시	198467	111756	107822	3934	86711	열린우리당	38635
전라북도	4500	익산시	235847	123054	119711	3343	112793	열린우리당	46974
전라북도	4500	정읍시	99727	62079	60116	1963	37648	열린우리당	24269
전라북도	4500	남원시	72197	50208	48577	1631	21989	열린우리당	21723
전라북도	4500	김제시	82928	55586	53375	2211	27342	열린우리당	22023
전라북도	4500	완주군	66720	41558	40335	1223	25162	열린우리당	15444
전라북도	4500	진안군	23432	17524	16780	744	5908	열린우리당	8399
전라북도	4500	무주군	21301	16835	16035	800	4466	열린우리당	7771
전라북도	4500	장수군	20567	16462	15835	627	4105	열린우리당	7273
전라북도	4500	임실군	27747	21428	20639	789	6319	열린우리당	8967
전라북도	4500	순창군	25579	19723	18956	767	5856	열린우리당	10068
전라북도	4500	고창군	51732	37864	36451	1413	13868	열린우리당	11845
전라북도	4500	부안군	52694	37860	35928	1932	14834	열린우리당	9520
전라북도	4500	전주시완산구	252082	121289	119334	1955	130793	한나라당	8754
전라북도	4500	전주시덕진구	198612	94134	92615	1519	104478	한나라당	6644
전라북도	4500	군산시	198467	111756	107822	3934	86711	한나라당	11613
전라북도	4500	익산시	235847	123054	119711	3343	112793	한나라당	9241
전라북도	4500	정읍시	99727	62079	60116	1963	37648	한나라당	3422
전라북도	4500	남원시	72197	50208	48577	1631	21989	한나라당	3143
전라북도	4500	김제시	82928	55586	53375	2211	27342	한나라당	3917
전라북도	4500	완주군	66720	41558	40335	1223	25162	한나라당	2286
전라북도	4500	진안군	23432	17524	16780	744	5908	한나라당	1566
전라북도	4500	무주군	21301	16835	16035	800	4466	한나라당	1922
전라북도	4500	장수군	20567	16462	15835	627	4105	한나라당	1160
전라북도	4500	임실군	27747	21428	20639	789	6319	한나라당	1598
전라북도	4500	순창군	25579	19723	18956	767	5856	한나라당	1235
전라북도	4500	고창군	51732	37864	36451	1413	13868	한나라당	2188
전라북도	4500	부안군	52694	37860	35928	1932	14834	한나라당	3098
전라북도	4500	전주시완산구	252082	121289	119334	1955	130793	민주당	44945
전라북도	4500	전주시덕진구	198612	94134	92615	1519	104478	민주당	33060
전라북도	4500	군산시	198467	111756	107822	3934	86711	민주당	41702
전라북도	4500	익산시	235847	123054	119711	3343	112793	민주당	46065
전라북도	4500	정읍시	99727	62079	60116	1963	37648	민주당	22520
전라북도	4500	남원시	72197	50208	48577	1631	21989	민주당	18969
전라북도	4500	김제시	82928	55586	53375	2211	27342	민주당	19095
전라북도	4500	완주군	66720	41558	40335	1223	25162	민주당	16072
전라북도	4500	진안군	23432	17524	16780	744	5908	민주당	4589
전라북도	4500	무주군	21301	16835	16035	800	4466	민주당	4394
전라북도	4500	장수군	20567	16462	15835	627	4105	민주당	4441
전라북도	4500	임실군	27747	21428	20639	789	6319	민주당	7713
전라북도	4500	순창군	25579	19723	18956	767	5856	민주당	5159
전라북도	4500	고창군	51732	37864	36451	1413	13868	민주당	16398
전라북도	4500	부안군	52694	37860	35928	1932	14834	민주당	17251
전라북도	4500	전주시완산구	252082	121289	119334	1955	130793	민주노동당	17421
전라북도	4500	전주시덕진구	198612	94134	92615	1519	104478	민주노동당	15458
전라북도	4500	군산시	198467	111756	107822	3934	86711	민주노동당	15872
전라북도	4500	익산시	235847	123054	119711	3343	112793	민주노동당	17431
전라북도	4500	정읍시	99727	62079	60116	1963	37648	민주노동당	9905
전라북도	4500	남원시	72197	50208	48577	1631	21989	민주노동당	4742
전라북도	4500	김제시	82928	55586	53375	2211	27342	민주노동당	8340
전라북도	4500	완주군	66720	41558	40335	1223	25162	민주노동당	6533
전라북도	4500	진안군	23432	17524	16780	744	5908	민주노동당	2226
전라북도	4500	무주군	21301	16835	16035	800	4466	민주노동당	1948
전라북도	4500	장수군	20567	16462	15835	627	4105	민주노동당	2961
전라북도	4500	임실군	27747	21428	20639	789	6319	민주노동당	2361
전라북도	4500	순창군	25579	19723	18956	767	5856	민주노동당	2494
전라북도	4500	고창군	51732	37864	36451	1413	13868	민주노동당	6020
전라북도	4500	부안군	52694	37860	35928	1932	14834	민주노동당	6059
전라남도	4600	목포시	176932	88357	86587	1770	88575	열린우리당	17475
전라남도	4600	여수시	224001	122804	120182	2622	101197	열린우리당	38139
전라남도	4600	순천시	194227	105388	102977	2411	88839	열린우리당	26506
전라남도	4600	나주시	79340	55199	52858	2341	24141	열린우리당	8848
전라남도	4600	광양시	96951	58742	57522	1220	38209	열린우리당	16367
전라남도	4600	담양군	41974	29473	28521	952	12501	열린우리당	7310
전라남도	4600	장성군	39626	27749	26799	950	11877	열린우리당	4929
전라남도	4600	곡성군	28138	21815	20993	822	6323	열린우리당	5491
전라남도	4600	구례군	24281	19122	18517	605	5159	열린우리당	5150
전라남도	4600	고흥군	69751	52673	50289	2384	17078	열린우리당	10878
전라남도	4600	보성군	44024	33390	31790	1600	10634	열린우리당	4247
전라남도	4600	화순군	56833	39819	38538	1281	17014	열린우리당	4596
전라남도	4600	장흥군	36549	27015	26069	946	9534	열린우리당	3698
전라남도	4600	강진군	34405	24112	23170	942	10293	열린우리당	5235
전라남도	4600	완도군	47793	35481	34046	1435	12312	열린우리당	9442
전라남도	4600	해남군	68768	50578	48148	2430	18190	열린우리당	9151
전라남도	4600	진도군	29821	22634	21345	1289	7187	열린우리당	4635
전라남도	4600	영암군	48203	32076	30973	1103	16127	열린우리당	7594
전라남도	4600	무안군	50427	36604	35331	1273	13823	열린우리당	10031
전라남도	4600	영광군	48577	36303	34871	1432	12274	열린우리당	7750
전라남도	4600	함평군	33051	24380	23337	1043	8671	열린우리당	3603
전라남도	4600	신안군	40240	30072	28331	1741	10168	열린우리당	4054
전라남도	4600	목포시	176932	88357	86587	1770	88575	한나라당	3499
전라남도	4600	여수시	224001	122804	120182	2622	101197	한나라당	6188
전라남도	4600	순천시	194227	105388	102977	2411	88839	한나라당	5742
전라남도	4600	나주시	79340	55199	52858	2341	24141	한나라당	2475
전라남도	4600	광양시	96951	58742	57522	1220	38209	한나라당	5122
전라남도	4600	담양군	41974	29473	28521	952	12501	한나라당	1387
전라남도	4600	장성군	39626	27749	26799	950	11877	한나라당	1898
전라남도	4600	곡성군	28138	21815	20993	822	6323	한나라당	1309
전라남도	4600	구례군	24281	19122	18517	605	5159	한나라당	1042
전라남도	4600	고흥군	69751	52673	50289	2384	17078	한나라당	2295
전라남도	4600	보성군	44024	33390	31790	1600	10634	한나라당	2960
전라남도	4600	화순군	56833	39819	38538	1281	17014	한나라당	1859
전라남도	4600	장흥군	36549	27015	26069	946	9534	한나라당	1634
전라남도	4600	강진군	34405	24112	23170	942	10293	한나라당	1850
전라남도	4600	완도군	47793	35481	34046	1435	12312	한나라당	1411
전라남도	4600	해남군	68768	50578	48148	2430	18190	한나라당	2368
전라남도	4600	진도군	29821	22634	21345	1289	7187	한나라당	1544
전라남도	4600	영암군	48203	32076	30973	1103	16127	한나라당	1495
전라남도	4600	무안군	50427	36604	35331	1273	13823	한나라당	1461
전라남도	4600	영광군	48577	36303	34871	1432	12274	한나라당	2310
전라남도	4600	함평군	33051	24380	23337	1043	8671	한나라당	1348
전라남도	4600	신안군	40240	30072	28331	1741	10168	한나라당	1919
전라남도	4600	목포시	176932	88357	86587	1770	88575	민주당	54542
전라남도	4600	여수시	224001	122804	120182	2622	101197	민주당	62095
전라남도	4600	순천시	194227	105388	102977	2411	88839	민주당	56313
전라남도	4600	나주시	79340	55199	52858	2341	24141	민주당	34242
전라남도	4600	광양시	96951	58742	57522	1220	38209	민주당	26345
전라남도	4600	담양군	41974	29473	28521	952	12501	민주당	17373
전라남도	4600	장성군	39626	27749	26799	950	11877	민주당	16965
전라남도	4600	곡성군	28138	21815	20993	822	6323	민주당	11446
전라남도	4600	구례군	24281	19122	18517	605	5159	민주당	10122
전라남도	4600	고흥군	69751	52673	50289	2384	17078	민주당	33152
전라남도	4600	보성군	44024	33390	31790	1600	10634	민주당	20736
전라남도	4600	화순군	56833	39819	38538	1281	17014	민주당	22931
전라남도	4600	장흥군	36549	27015	26069	946	9534	민주당	14659
전라남도	4600	강진군	34405	24112	23170	942	10293	민주당	13735
전라남도	4600	완도군	47793	35481	34046	1435	12312	민주당	21211
전라남도	4600	해남군	68768	50578	48148	2430	18190	민주당	31152
전라남도	4600	진도군	29821	22634	21345	1289	7187	민주당	12184
전라남도	4600	영암군	48203	32076	30973	1103	16127	민주당	18284
전라남도	4600	무안군	50427	36604	35331	1273	13823	민주당	20621
전라남도	4600	영광군	48577	36303	34871	1432	12274	민주당	20616
전라남도	4600	함평군	33051	24380	23337	1043	8671	민주당	15161
전라남도	4600	신안군	40240	30072	28331	1741	10168	민주당	19451
전라남도	4600	목포시	176932	88357	86587	1770	88575	민주노동당	11071
전라남도	4600	여수시	224001	122804	120182	2622	101197	민주노동당	13760
전라남도	4600	순천시	194227	105388	102977	2411	88839	민주노동당	14416
전라남도	4600	나주시	79340	55199	52858	2341	24141	민주노동당	7293
전라남도	4600	광양시	96951	58742	57522	1220	38209	민주노동당	9688
전라남도	4600	담양군	41974	29473	28521	952	12501	민주노동당	2451
전라남도	4600	장성군	39626	27749	26799	950	11877	민주노동당	3007
전라남도	4600	곡성군	28138	21815	20993	822	6323	민주노동당	2747
전라남도	4600	구례군	24281	19122	18517	605	5159	민주노동당	2203
전라남도	4600	고흥군	69751	52673	50289	2384	17078	민주노동당	3964
전라남도	4600	보성군	44024	33390	31790	1600	10634	민주노동당	3847
전라남도	4600	화순군	56833	39819	38538	1281	17014	민주노동당	9152
전라남도	4600	장흥군	36549	27015	26069	946	9534	민주노동당	6078
전라남도	4600	강진군	34405	24112	23170	942	10293	민주노동당	2350
전라남도	4600	완도군	47793	35481	34046	1435	12312	민주노동당	1982
전라남도	4600	해남군	68768	50578	48148	2430	18190	민주노동당	5477
전라남도	4600	진도군	29821	22634	21345	1289	7187	민주노동당	2982
전라남도	4600	영암군	48203	32076	30973	1103	16127	민주노동당	3600
전라남도	4600	무안군	50427	36604	35331	1273	13823	민주노동당	3218
전라남도	4600	영광군	48577	36303	34871	1432	12274	민주노동당	4195
전라남도	4600	함평군	33051	24380	23337	1043	8671	민주노동당	3225
전라남도	4600	신안군	40240	30072	28331	1741	10168	민주노동당	2907
경상북도	4700	포항시북구	190449	105455	103765	1690	84994	열린우리당	11741
경상북도	4700	포항시남구	191369	106550	104756	1794	84819	열린우리당	13941
경상북도	4700	울릉군	8429	7196	6959	237	1233	열린우리당	1349
경상북도	4700	경주시	210980	126361	123568	2793	84619	열린우리당	13487
경상북도	4700	김천시	110274	75350	73435	1915	34924	열린우리당	7395
경상북도	4700	안동시	134448	86102	83623	2479	48346	열린우리당	11936
경상북도	4700	구미시	269226	132384	130510	1874	136842	열린우리당	16526
경상북도	4700	영주시	93247	63460	61991	1469	29787	열린우리당	7940
경상북도	4700	영천시	86235	55409	53798	1611	30826	열린우리당	9997
경상북도	4700	상주시	88983	63160	61094	2066	25823	열린우리당	7063
경상북도	4700	문경시	62743	45415	44071	1344	17328	열린우리당	4367
경상북도	4700	예천군	42780	33331	32106	1225	9449	열린우리당	3595
경상북도	4700	경산시	175092	86528	84840	1688	88564	열린우리당	10198
경상북도	4700	청도군	39951	29829	28839	990	10122	열린우리당	3422
경상북도	4700	고령군	28906	20682	19864	818	8224	열린우리당	2450
경상북도	4700	성주군	38867	27064	26071	993	11803	열린우리당	3487
경상북도	4700	칠곡군	82468	44219	43081	1138	38249	열린우리당	5930
경상북도	4700	군위군	23767	18446	17590	856	5321	열린우리당	2219
경상북도	4700	의성군	55083	41615	40184	1431	13468	열린우리당	5750
경상북도	4700	청송군	24481	18777	18018	759	5704	열린우리당	2957
경상북도	4700	영양군	17011	13680	12985	695	3331	열린우리당	2551
경상북도	4700	영덕군	37578	27226	26359	867	10352	열린우리당	3596
경상북도	4700	봉화군	30652	23132	22401	731	7520	열린우리당	3063
경상북도	4700	울진군	44690	32976	31771	1205	11714	열린우리당	6492
경상북도	4700	포항시북구	190449	105455	103765	1690	84994	한나라당	79074
경상북도	4700	포항시남구	191369	106550	104756	1794	84819	한나라당	76110
경상북도	4700	울릉군	8429	7196	6959	237	1233	한나라당	4999
경상북도	4700	경주시	210980	126361	123568	2793	84619	한나라당	93345
경상북도	4700	김천시	110274	75350	73435	1915	34924	한나라당	57677
경상북도	4700	안동시	134448	86102	83623	2479	48346	한나라당	60366
경상북도	4700	구미시	269226	132384	130510	1874	136842	한나라당	99826
경상북도	4700	영주시	93247	63460	61991	1469	29787	한나라당	45923
경상북도	4700	영천시	86235	55409	53798	1611	30826	한나라당	37867
경상북도	4700	상주시	88983	63160	61094	2066	25823	한나라당	45058
경상북도	4700	문경시	62743	45415	44071	1344	17328	한나라당	35913
경상북도	4700	예천군	42780	33331	32106	1225	9449	한나라당	24424
경상북도	4700	경산시	175092	86528	84840	1688	88564	한나라당	65241
경상북도	4700	청도군	39951	29829	28839	990	10122	한나라당	22536
경상북도	4700	고령군	28906	20682	19864	818	8224	한나라당	14623
경상북도	4700	성주군	38867	27064	26071	993	11803	한나라당	20053
경상북도	4700	칠곡군	82468	44219	43081	1138	38249	한나라당	32059
경상북도	4700	군위군	23767	18446	17590	856	5321	한나라당	13075
경상북도	4700	의성군	55083	41615	40184	1431	13468	한나라당	29447
경상북도	4700	청송군	24481	18777	18018	759	5704	한나라당	12517
경상북도	4700	영양군	17011	13680	12985	695	3331	한나라당	8484
경상북도	4700	영덕군	37578	27226	26359	867	10352	한나라당	20234
경상북도	4700	봉화군	30652	23132	22401	731	7520	한나라당	16032
경상북도	4700	울진군	44690	32976	31771	1205	11714	한나라당	22221
경상북도	4700	포항시북구	190449	105455	103765	1690	84994	민주당	1684
경상북도	4700	포항시남구	191369	106550	104756	1794	84819	민주당	1799
경상북도	4700	울릉군	8429	7196	6959	237	1233	민주당	119
경상북도	4700	경주시	210980	126361	123568	2793	84619	민주당	2100
경상북도	4700	김천시	110274	75350	73435	1915	34924	민주당	2489
경상북도	4700	안동시	134448	86102	83623	2479	48346	민주당	1741
경상북도	4700	구미시	269226	132384	130510	1874	136842	민주당	1650
경상북도	4700	영주시	93247	63460	61991	1469	29787	민주당	1150
경상북도	4700	영천시	86235	55409	53798	1611	30826	민주당	1115
경상북도	4700	상주시	88983	63160	61094	2066	25823	민주당	1709
경상북도	4700	문경시	62743	45415	44071	1344	17328	민주당	846
경상북도	4700	예천군	42780	33331	32106	1225	9449	민주당	842
경상북도	4700	경산시	175092	86528	84840	1688	88564	민주당	1107
경상북도	4700	청도군	39951	29829	28839	990	10122	민주당	656
경상북도	4700	고령군	28906	20682	19864	818	8224	민주당	501
경상북도	4700	성주군	38867	27064	26071	993	11803	민주당	581
경상북도	4700	칠곡군	82468	44219	43081	1138	38249	민주당	848
경상북도	4700	군위군	23767	18446	17590	856	5321	민주당	540
경상북도	4700	의성군	55083	41615	40184	1431	13468	민주당	977
경상북도	4700	청송군	24481	18777	18018	759	5704	민주당	516
경상북도	4700	영양군	17011	13680	12985	695	3331	민주당	456
경상북도	4700	영덕군	37578	27226	26359	867	10352	민주당	612
경상북도	4700	봉화군	30652	23132	22401	731	7520	민주당	722
경상북도	4700	울진군	44690	32976	31771	1205	11714	민주당	671
경상북도	4700	포항시북구	190449	105455	103765	1690	84994	민주노동당	10455
경상북도	4700	포항시남구	191369	106550	104756	1794	84819	민주노동당	12024
경상북도	4700	울릉군	8429	7196	6959	237	1233	민주노동당	411
경상북도	4700	경주시	210980	126361	123568	2793	84619	민주노동당	13322
경상북도	4700	김천시	110274	75350	73435	1915	34924	민주노동당	4873
경상북도	4700	안동시	134448	86102	83623	2479	48346	민주노동당	8325
경상북도	4700	구미시	269226	132384	130510	1874	136842	민주노동당	11296
경상북도	4700	영주시	93247	63460	61991	1469	29787	민주노동당	6278
경상북도	4700	영천시	86235	55409	53798	1611	30826	민주노동당	4094
경상북도	4700	상주시	88983	63160	61094	2066	25823	민주노동당	6065
경상북도	4700	문경시	62743	45415	44071	1344	17328	민주노동당	2122
경상북도	4700	예천군	42780	33331	32106	1225	9449	민주노동당	2173
경상북도	4700	경산시	175092	86528	84840	1688	88564	민주노동당	7551
경상북도	4700	청도군	39951	29829	28839	990	10122	민주노동당	1765
경상북도	4700	고령군	28906	20682	19864	818	8224	민주노동당	1945
경상북도	4700	성주군	38867	27064	26071	993	11803	민주노동당	1614
경상북도	4700	칠곡군	82468	44219	43081	1138	38249	민주노동당	3641
경상북도	4700	군위군	23767	18446	17590	856	5321	민주노동당	1396
경상북도	4700	의성군	55083	41615	40184	1431	13468	민주노동당	3275
경상북도	4700	청송군	24481	18777	18018	759	5704	민주노동당	1669
경상북도	4700	영양군	17011	13680	12985	695	3331	민주노동당	1145
경상북도	4700	영덕군	37578	27226	26359	867	10352	민주노동당	1459
경상북도	4700	봉화군	30652	23132	22401	731	7520	민주노동당	2033
경상북도	4700	울진군	44690	32976	31771	1205	11714	민주노동당	1941
경상북도	4700	포항시북구	190449	105455	103765	1690	84994	국민중심당	811
경상북도	4700	포항시남구	191369	106550	104756	1794	84819	국민중심당	882
경상북도	4700	울릉군	8429	7196	6959	237	1233	국민중심당	81
경상북도	4700	경주시	210980	126361	123568	2793	84619	국민중심당	1314
경상북도	4700	김천시	110274	75350	73435	1915	34924	국민중심당	1001
경상북도	4700	안동시	134448	86102	83623	2479	48346	국민중심당	1255
경상북도	4700	구미시	269226	132384	130510	1874	136842	국민중심당	1212
경상북도	4700	영주시	93247	63460	61991	1469	29787	국민중심당	700
경상북도	4700	영천시	86235	55409	53798	1611	30826	국민중심당	725
경상북도	4700	상주시	88983	63160	61094	2066	25823	국민중심당	1199
경상북도	4700	문경시	62743	45415	44071	1344	17328	국민중심당	823
경상북도	4700	예천군	42780	33331	32106	1225	9449	국민중심당	1072
경상북도	4700	경산시	175092	86528	84840	1688	88564	국민중심당	743
경상북도	4700	청도군	39951	29829	28839	990	10122	국민중심당	460
경상북도	4700	고령군	28906	20682	19864	818	8224	국민중심당	345
경상북도	4700	성주군	38867	27064	26071	993	11803	국민중심당	336
경상북도	4700	칠곡군	82468	44219	43081	1138	38249	국민중심당	603
경상북도	4700	군위군	23767	18446	17590	856	5321	국민중심당	360
경상북도	4700	의성군	55083	41615	40184	1431	13468	국민중심당	735
경상북도	4700	청송군	24481	18777	18018	759	5704	국민중심당	359
경상북도	4700	영양군	17011	13680	12985	695	3331	국민중심당	349
경상북도	4700	영덕군	37578	27226	26359	867	10352	국민중심당	458
경상북도	4700	봉화군	30652	23132	22401	731	7520	국민중심당	551
경상북도	4700	울진군	44690	32976	31771	1205	11714	국민중심당	446
경상남도	4800	창원시	356493	184107	181813	2294	172386	열린우리당	26878
경상남도	4800	마산시	326663	171759	168863	2896	154904	열린우리당	23426
경상남도	4800	진주시	252537	145222	142520	2702	107315	열린우리당	21021
경상남도	4800	진해시	118111	70222	68742	1480	47889	열린우리당	12107
경상남도	4800	통영시	102469	60723	59037	1686	41746	열린우리당	9891
경상남도	4800	고성군	46167	33461	32265	1196	12706	열린우리당	4864
경상남도	4800	사천시	86136	57391	55796	1595	28745	열린우리당	8642
경상남도	4800	김해시	315263	150973	148543	2430	164290	열린우리당	41598
경상남도	4800	밀양시	90362	58411	56745	1666	31951	열린우리당	13909
경상남도	4800	거제시	142095	75621	73971	1650	66474	열린우리당	12474
경상남도	4800	의령군	26675	21737	20489	1248	4938	열린우리당	3110
경상남도	4800	함안군	48706	34249	32892	1357	14457	열린우리당	4813
경상남도	4800	창녕군	52848	37278	35796	1482	15570	열린우리당	6366
경상남도	4800	양산시	162544	86359	84460	1899	76185	열린우리당	17123
경상남도	4800	하동군	42978	31435	30074	1361	11543	열린우리당	7580
경상남도	4800	남해군	42965	32993	31643	1350	9972	열린우리당	9562
경상남도	4800	함양군	34178	27658	26630	1028	6520	열린우리당	6439
경상남도	4800	산청군	30952	23786	22829	957	7166	열린우리당	3312
경상남도	4800	거창군	50916	35361	33876	1485	15555	열린우리당	4843
경상남도	4800	합천군	46207	34994	33658	1336	11213	열린우리당	5030
경상남도	4800	창원시	356493	184107	181813	2294	172386	한나라당	107890
경상남도	4800	마산시	326663	171759	168863	2896	154904	한나라당	119836
경상남도	4800	진주시	252537	145222	142520	2702	107315	한나라당	95683
경상남도	4800	진해시	118111	70222	68742	1480	47889	한나라당	45629
경상남도	4800	통영시	102469	60723	59037	1686	41746	한나라당	42446
경상남도	4800	고성군	46167	33461	32265	1196	12706	한나라당	20739
경상남도	4800	사천시	86136	57391	55796	1595	28745	한나라당	36821
경상남도	4800	김해시	315263	150973	148543	2430	164290	한나라당	85878
경상남도	4800	밀양시	90362	58411	56745	1666	31951	한나라당	35043
경상남도	4800	거제시	142095	75621	73971	1650	66474	한나라당	40365
경상남도	4800	의령군	26675	21737	20489	1248	4938	한나라당	12157
경상남도	4800	함안군	48706	34249	32892	1357	14457	한나라당	21354
경상남도	4800	창녕군	52848	37278	35796	1482	15570	한나라당	24193
경상남도	4800	양산시	162544	86359	84460	1899	76185	한나라당	54775
경상남도	4800	하동군	42978	31435	30074	1361	11543	한나라당	17331
경상남도	4800	남해군	42965	32993	31643	1350	9972	한나라당	18334
경상남도	4800	함양군	34178	27658	26630	1028	6520	한나라당	16361
경상남도	4800	산청군	30952	23786	22829	957	7166	한나라당	15322
경상남도	4800	거창군	50916	35361	33876	1485	15555	한나라당	23821
경상남도	4800	합천군	46207	34994	33658	1336	11213	한나라당	21799
경상남도	4800	창원시	356493	184107	181813	2294	172386	민주노동당	47045
경상남도	4800	마산시	326663	171759	168863	2896	154904	민주노동당	25601
경상남도	4800	진주시	252537	145222	142520	2702	107315	민주노동당	25816
경상남도	4800	진해시	118111	70222	68742	1480	47889	민주노동당	11006
경상남도	4800	통영시	102469	60723	59037	1686	41746	민주노동당	6700
경상남도	4800	고성군	46167	33461	32265	1196	12706	민주노동당	6662
경상남도	4800	사천시	86136	57391	55796	1595	28745	민주노동당	10333
경상남도	4800	김해시	315263	150973	148543	2430	164290	민주노동당	21067
경상남도	4800	밀양시	90362	58411	56745	1666	31951	민주노동당	7793
경상남도	4800	거제시	142095	75621	73971	1650	66474	민주노동당	21132
경상남도	4800	의령군	26675	21737	20489	1248	4938	민주노동당	5222
경상남도	4800	함안군	48706	34249	32892	1357	14457	민주노동당	6725
경상남도	4800	창녕군	52848	37278	35796	1482	15570	민주노동당	5237
경상남도	4800	양산시	162544	86359	84460	1899	76185	민주노동당	12562
경상남도	4800	하동군	42978	31435	30074	1361	11543	민주노동당	5163
경상남도	4800	남해군	42965	32993	31643	1350	9972	민주노동당	3747
경상남도	4800	함양군	34178	27658	26630	1028	6520	민주노동당	3830
경상남도	4800	산청군	30952	23786	22829	957	7166	민주노동당	4195
경상남도	4800	거창군	50916	35361	33876	1485	15555	민주노동당	5212
경상남도	4800	합천군	46207	34994	33658	1336	11213	민주노동당	6829
제주특별자치도	4900	제주시	218768	138709	136192	2517	80059	열린우리당	35701
제주특별자치도	4900	북제주군	74387	51649	50221	1428	22738	열린우리당	14654
제주특별자치도	4900	서귀포시	62209	43562	42556	1006	18647	열린우리당	11570
제주특별자치도	4900	남제주군	56498	43076	41946	1130	13422	열린우리당	10157
제주특별자치도	4900	제주시	218768	138709	136192	2517	80059	한나라당	64101
제주특별자치도	4900	북제주군	74387	51649	50221	1428	22738	한나라당	21270
제주특별자치도	4900	서귀포시	62209	43562	42556	1006	18647	한나라당	19554
제주특별자치도	4900	남제주군	56498	43076	41946	1130	13422	한나라당	17788
제주특별자치도	4900	제주시	218768	138709	136192	2517	80059	민주당	10408
제주특별자치도	4900	북제주군	74387	51649	50221	1428	22738	민주당	4860
제주특별자치도	4900	서귀포시	62209	43562	42556	1006	18647	민주당	3747
제주특별자치도	4900	남제주군	56498	43076	41946	1130	13422	민주당	2775
제주특별자치도	4900	제주시	218768	138709	136192	2517	80059	민주노동당	25982
제주특별자치도	4900	북제주군	74387	51649	50221	1428	22738	민주노동당	9437
제주특별자치도	4900	서귀포시	62209	43562	42556	1006	18647	민주노동당	7685
제주특별자치도	4900	남제주군	56498	43076	41946	1130	13422	민주노동당	11226
