광역	광역코드	시군구	선거인수	투표수	유효투표수	무효투표수	기권수	정당	득표수
서울특별시	1100	종로구	135727	70871	69910	961	64856	통합민주당	22558
서울특별시	1100	중구	106880	51570	50914	656	55310	통합민주당	14333
서울특별시	1100	용산구	192033	82606	81753	853	109427	통합민주당	20271
서울특별시	1100	성동구	265667	123624	122134	1490	142043	통합민주당	39246
서울특별시	1100	광진구	298666	130836	129539	1297	167830	통합민주당	39271
서울특별시	1100	동대문구	303788	140597	138670	1927	163191	통합민주당	40158
서울특별시	1100	중랑구	338808	147219	145117	2102	191589	통합민주당	40156
서울특별시	1100	성북구	375377	166449	164308	2141	208928	통합민주당	46447
서울특별시	1100	강북구	276757	118678	117171	1507	158079	통합민주당	37753
서울특별시	1100	도봉구	293667	140240	138792	1448	153427	통합민주당	41754
서울특별시	1100	노원구	467417	238002	235916	2086	229415	통합민주당	66723
서울특별시	1100	은평구	359447	169513	167567	1946	189934	통합민주당	44614
서울특별시	1100	서대문구	277932	128636	127031	1605	149296	통합민주당	38486
서울특별시	1100	마포구	317518	143388	141889	1499	174130	통합민주당	41099
서울특별시	1100	양천구	378915	172995	171092	1903	205920	통합민주당	48340
서울특별시	1100	강서구	443974	198733	197078	1655	245241	통합민주당	56384
서울특별시	1100	구로구	333902	160271	158544	1727	173631	통합민주당	50765
서울특별시	1100	금천구	196593	86450	85367	1083	110143	통합민주당	27198
서울특별시	1100	영등포구	326350	148824	147244	1580	177526	통합민주당	42643
서울특별시	1100	동작구	327717	173206	171569	1637	154511	통합민주당	56045
서울특별시	1100	관악구	441081	197426	195574	1852	243655	통합민주당	65560
서울특별시	1100	서초구	320775	146437	145285	1152	174338	통합민주당	27762
서울특별시	1100	강남구	444494	187890	186758	1132	256604	통합민주당	32422
서울특별시	1100	송파구	491127	216721	215046	1675	274406	통합민주당	56227
서울특별시	1100	강동구	363743	160552	159114	1438	203191	통합민주당	41254
서울특별시	1100	종로구	135727	70871	69910	961	64856	한나라당	28419
서울특별시	1100	중구	106880	51570	50914	656	55310	한나라당	20791
서울특별시	1100	용산구	192033	82606	81753	853	109427	한나라당	35562
서울특별시	1100	성동구	265667	123624	122134	1490	142043	한나라당	50448
서울특별시	1100	광진구	298666	130836	129539	1297	167830	한나라당	50061
서울특별시	1100	동대문구	303788	140597	138670	1927	163191	한나라당	56550
서울특별시	1100	중랑구	338808	147219	145117	2102	191589	한나라당	57693
서울특별시	1100	성북구	375377	166449	164308	2141	208928	한나라당	65796
서울특별시	1100	강북구	276757	118678	117171	1507	158079	한나라당	44665
서울특별시	1100	도봉구	293667	140240	138792	1448	153427	한나라당	57079
서울특별시	1100	노원구	467417	238002	235916	2086	229415	한나라당	91294
서울특별시	1100	은평구	359447	169513	167567	1946	189934	한나라당	63957
서울특별시	1100	서대문구	277932	128636	127031	1605	149296	한나라당	49615
서울특별시	1100	마포구	317518	143388	141889	1499	174130	한나라당	54154
서울특별시	1100	양천구	378915	172995	171092	1903	205920	한나라당	67202
서울특별시	1100	강서구	443974	198733	197078	1655	245241	한나라당	77539
서울특별시	1100	구로구	333902	160271	158544	1727	173631	한나라당	58681
서울특별시	1100	금천구	196593	86450	85367	1083	110143	한나라당	31003
서울특별시	1100	영등포구	326350	148824	147244	1580	177526	한나라당	57282
서울특별시	1100	동작구	327717	173206	171569	1637	154511	한나라당	64784
서울특별시	1100	관악구	441081	197426	195574	1852	243655	한나라당	67153
서울특별시	1100	서초구	320775	146437	145285	1152	174338	한나라당	71630
서울특별시	1100	강남구	444494	187890	186758	1132	256604	한나라당	95468
서울특별시	1100	송파구	491127	216721	215046	1675	274406	한나라당	92532
서울특별시	1100	강동구	363743	160552	159114	1438	203191	한나라당	64119
서울특별시	1100	종로구	135727	70871	69910	961	64856	자유선진당	3747
서울특별시	1100	중구	106880	51570	50914	656	55310	자유선진당	4506
서울특별시	1100	용산구	192033	82606	81753	853	109427	자유선진당	4451
서울특별시	1100	성동구	265667	123624	122134	1490	142043	자유선진당	4541
서울특별시	1100	광진구	298666	130836	129539	1297	167830	자유선진당	6171
서울특별시	1100	동대문구	303788	140597	138670	1927	163191	자유선진당	5426
서울특별시	1100	중랑구	338808	147219	145117	2102	191589	자유선진당	6218
서울특별시	1100	성북구	375377	166449	164308	2141	208928	자유선진당	7114
서울특별시	1100	강북구	276757	118678	117171	1507	158079	자유선진당	4920
서울특별시	1100	도봉구	293667	140240	138792	1448	153427	자유선진당	5783
서울특별시	1100	노원구	467417	238002	235916	2086	229415	자유선진당	9289
서울특별시	1100	은평구	359447	169513	167567	1946	189934	자유선진당	7271
서울특별시	1100	서대문구	277932	128636	127031	1605	149296	자유선진당	5362
서울특별시	1100	마포구	317518	143388	141889	1499	174130	자유선진당	5957
서울특별시	1100	양천구	378915	172995	171092	1903	205920	자유선진당	11509
서울특별시	1100	강서구	443974	198733	197078	1655	245241	자유선진당	10634
서울특별시	1100	구로구	333902	160271	158544	1727	173631	자유선진당	8389
서울특별시	1100	금천구	196593	86450	85367	1083	110143	자유선진당	5649
서울특별시	1100	영등포구	326350	148824	147244	1580	177526	자유선진당	7314
서울특별시	1100	동작구	327717	173206	171569	1637	154511	자유선진당	6730
서울특별시	1100	관악구	441081	197426	195574	1852	243655	자유선진당	8541
서울특별시	1100	서초구	320775	146437	145285	1152	174338	자유선진당	7234
서울특별시	1100	강남구	444494	187890	186758	1132	256604	자유선진당	10087
서울특별시	1100	송파구	491127	216721	215046	1675	274406	자유선진당	10697
서울특별시	1100	강동구	363743	160552	159114	1438	203191	자유선진당	8191
서울특별시	1100	종로구	135727	70871	69910	961	64856	민주노동당	2046
서울특별시	1100	중구	106880	51570	50914	656	55310	민주노동당	1979
서울특별시	1100	용산구	192033	82606	81753	853	109427	민주노동당	3306
서울특별시	1100	성동구	265667	123624	122134	1490	142043	민주노동당	4670
서울특별시	1100	광진구	298666	130836	129539	1297	167830	민주노동당	5128
서울특별시	1100	동대문구	303788	140597	138670	1927	163191	민주노동당	5878
서울특별시	1100	중랑구	338808	147219	145117	2102	191589	민주노동당	6905
서울특별시	1100	성북구	375377	166449	164308	2141	208928	민주노동당	6922
서울특별시	1100	강북구	276757	118678	117171	1507	158079	민주노동당	4660
서울특별시	1100	도봉구	293667	140240	138792	1448	153427	민주노동당	5606
서울특별시	1100	노원구	467417	238002	235916	2086	229415	민주노동당	10234
서울특별시	1100	은평구	359447	169513	167567	1946	189934	민주노동당	6564
서울특별시	1100	서대문구	277932	128636	127031	1605	149296	민주노동당	5306
서울특별시	1100	마포구	317518	143388	141889	1499	174130	민주노동당	5513
서울특별시	1100	양천구	378915	172995	171092	1903	205920	민주노동당	5566
서울특별시	1100	강서구	443974	198733	197078	1655	245241	민주노동당	7846
서울특별시	1100	구로구	333902	160271	158544	1727	173631	민주노동당	6798
서울특별시	1100	금천구	196593	86450	85367	1083	110143	민주노동당	4273
서울특별시	1100	영등포구	326350	148824	147244	1580	177526	민주노동당	5637
서울특별시	1100	동작구	327717	173206	171569	1637	154511	민주노동당	5662
서울특별시	1100	관악구	441081	197426	195574	1852	243655	민주노동당	8188
서울특별시	1100	서초구	320775	146437	145285	1152	174338	민주노동당	3478
서울특별시	1100	강남구	444494	187890	186758	1132	256604	민주노동당	4366
서울특별시	1100	송파구	491127	216721	215046	1675	274406	민주노동당	6595
서울특별시	1100	강동구	363743	160552	159114	1438	203191	민주노동당	5625
서울특별시	1100	종로구	135727	70871	69910	961	64856	창조한국당	2647
서울특별시	1100	중구	106880	51570	50914	656	55310	창조한국당	1818
서울특별시	1100	용산구	192033	82606	81753	853	109427	창조한국당	3296
서울특별시	1100	성동구	265667	123624	122134	1490	142043	창조한국당	5047
서울특별시	1100	광진구	298666	130836	129539	1297	167830	창조한국당	5648
서울특별시	1100	동대문구	303788	140597	138670	1927	163191	창조한국당	5733
서울특별시	1100	중랑구	338808	147219	145117	2102	191589	창조한국당	5878
서울특별시	1100	성북구	375377	166449	164308	2141	208928	창조한국당	7585
서울특별시	1100	강북구	276757	118678	117171	1507	158079	창조한국당	5197
서울특별시	1100	도봉구	293667	140240	138792	1448	153427	창조한국당	5904
서울특별시	1100	노원구	467417	238002	235916	2086	229415	창조한국당	9620
서울특별시	1100	은평구	359447	169513	167567	1946	189934	창조한국당	18517
서울특별시	1100	서대문구	277932	128636	127031	1605	149296	창조한국당	5826
서울특별시	1100	마포구	317518	143388	141889	1499	174130	창조한국당	6859
서울특별시	1100	양천구	378915	172995	171092	1903	205920	창조한국당	7612
서울특별시	1100	강서구	443974	198733	197078	1655	245241	창조한국당	9201
서울특별시	1100	구로구	333902	160271	158544	1727	173631	창조한국당	6766
서울특별시	1100	금천구	196593	86450	85367	1083	110143	창조한국당	3269
서울특별시	1100	영등포구	326350	148824	147244	1580	177526	창조한국당	6713
서울특별시	1100	동작구	327717	173206	171569	1637	154511	창조한국당	7224
서울특별시	1100	관악구	441081	197426	195574	1852	243655	창조한국당	9677
서울특별시	1100	서초구	320775	146437	145285	1152	174338	창조한국당	6053
서울특별시	1100	강남구	444494	187890	186758	1132	256604	창조한국당	7225
서울특별시	1100	송파구	491127	216721	215046	1675	274406	창조한국당	9684
서울특별시	1100	강동구	363743	160552	159114	1438	203191	창조한국당	6788
서울특별시	1100	종로구	135727	70871	69910	961	64856	친박연대	5658
서울특별시	1100	중구	106880	51570	50914	656	55310	친박연대	4367
서울특별시	1100	용산구	192033	82606	81753	853	109427	친박연대	8706
서울특별시	1100	성동구	265667	123624	122134	1490	142043	친박연대	10841
서울특별시	1100	광진구	298666	130836	129539	1297	167830	친박연대	13889
서울특별시	1100	동대문구	303788	140597	138670	1927	163191	친박연대	15308
서울특별시	1100	중랑구	338808	147219	145117	2102	191589	친박연대	17289
서울특별시	1100	성북구	375377	166449	164308	2141	208928	친박연대	16243
서울특별시	1100	강북구	276757	118678	117171	1507	158079	친박연대	10366
서울특별시	1100	도봉구	293667	140240	138792	1448	153427	친박연대	13339
서울특별시	1100	노원구	467417	238002	235916	2086	229415	친박연대	25591
서울특별시	1100	은평구	359447	169513	167567	1946	189934	친박연대	14922
서울특별시	1100	서대문구	277932	128636	127031	1605	149296	친박연대	12110
서울특별시	1100	마포구	317518	143388	141889	1499	174130	친박연대	15012
서울특별시	1100	양천구	378915	172995	171092	1903	205920	친박연대	17839
서울특별시	1100	강서구	443974	198733	197078	1655	245241	친박연대	20140
서울특별시	1100	구로구	333902	160271	158544	1727	173631	친박연대	15477
서울특별시	1100	금천구	196593	86450	85367	1083	110143	친박연대	7995
서울특별시	1100	영등포구	326350	148824	147244	1580	177526	친박연대	17322
서울특별시	1100	동작구	327717	173206	171569	1637	154511	친박연대	17410
서울특별시	1100	관악구	441081	197426	195574	1852	243655	친박연대	16816
서울특별시	1100	서초구	320775	146437	145285	1152	174338	친박연대	18773
서울특별시	1100	강남구	444494	187890	186758	1132	256604	친박연대	24613
서울특별시	1100	송파구	491127	216721	215046	1675	274406	친박연대	24918
서울특별시	1100	강동구	363743	160552	159114	1438	203191	친박연대	17870
서울특별시	1100	종로구	135727	70871	69910	961	64856	국민실향안보당	126
서울특별시	1100	중구	106880	51570	50914	656	55310	국민실향안보당	110
서울특별시	1100	용산구	192033	82606	81753	853	109427	국민실향안보당	196
서울특별시	1100	성동구	265667	123624	122134	1490	142043	국민실향안보당	153
서울특별시	1100	광진구	298666	130836	129539	1297	167830	국민실향안보당	193
서울특별시	1100	동대문구	303788	140597	138670	1927	163191	국민실향안보당	256
서울특별시	1100	중랑구	338808	147219	145117	2102	191589	국민실향안보당	729
서울특별시	1100	성북구	375377	166449	164308	2141	208928	국민실향안보당	305
서울특별시	1100	강북구	276757	118678	117171	1507	158079	국민실향안보당	183
서울특별시	1100	도봉구	293667	140240	138792	1448	153427	국민실향안보당	203
서울특별시	1100	노원구	467417	238002	235916	2086	229415	국민실향안보당	390
서울특별시	1100	은평구	359447	169513	167567	1946	189934	국민실향안보당	312
서울특별시	1100	서대문구	277932	128636	127031	1605	149296	국민실향안보당	236
서울특별시	1100	마포구	317518	143388	141889	1499	174130	국민실향안보당	216
서울특별시	1100	양천구	378915	172995	171092	1903	205920	국민실향안보당	208
서울특별시	1100	강서구	443974	198733	197078	1655	245241	국민실향안보당	417
서울특별시	1100	구로구	333902	160271	158544	1727	173631	국민실향안보당	216
서울특별시	1100	금천구	196593	86450	85367	1083	110143	국민실향안보당	145
서울특별시	1100	영등포구	326350	148824	147244	1580	177526	국민실향안보당	218
서울특별시	1100	동작구	327717	173206	171569	1637	154511	국민실향안보당	235
서울특별시	1100	관악구	441081	197426	195574	1852	243655	국민실향안보당	258
서울특별시	1100	서초구	320775	146437	145285	1152	174338	국민실향안보당	394
서울특별시	1100	강남구	444494	187890	186758	1132	256604	국민실향안보당	254
서울특별시	1100	송파구	491127	216721	215046	1675	274406	국민실향안보당	203
서울특별시	1100	강동구	363743	160552	159114	1438	203191	국민실향안보당	189
서울특별시	1100	종로구	135727	70871	69910	961	64856	기독당	1237
서울특별시	1100	중구	106880	51570	50914	656	55310	기독당	1085
서울특별시	1100	용산구	192033	82606	81753	853	109427	기독당	1687
서울특별시	1100	성동구	265667	123624	122134	1490	142043	기독당	2264
서울특별시	1100	광진구	298666	130836	129539	1297	167830	기독당	2984
서울특별시	1100	동대문구	303788	140597	138670	1927	163191	기독당	3185
서울특별시	1100	중랑구	338808	147219	145117	2102	191589	기독당	3510
서울특별시	1100	성북구	375377	166449	164308	2141	208928	기독당	4443
서울특별시	1100	강북구	276757	118678	117171	1507	158079	기독당	2520
서울특별시	1100	도봉구	293667	140240	138792	1448	153427	기독당	2770
서울특별시	1100	노원구	467417	238002	235916	2086	229415	기독당	6274
서울특별시	1100	은평구	359447	169513	167567	1946	189934	기독당	4134
서울특별시	1100	서대문구	277932	128636	127031	1605	149296	기독당	3106
서울특별시	1100	마포구	317518	143388	141889	1499	174130	기독당	3483
서울특별시	1100	양천구	378915	172995	171092	1903	205920	기독당	4623
서울특별시	1100	강서구	443974	198733	197078	1655	245241	기독당	5949
서울특별시	1100	구로구	333902	160271	158544	1727	173631	기독당	4658
서울특별시	1100	금천구	196593	86450	85367	1083	110143	기독당	2529
서울특별시	1100	영등포구	326350	148824	147244	1580	177526	기독당	3290
서울특별시	1100	동작구	327717	173206	171569	1637	154511	기독당	4087
서울특별시	1100	관악구	441081	197426	195574	1852	243655	기독당	4491
서울특별시	1100	서초구	320775	146437	145285	1152	174338	기독당	2965
서울특별시	1100	강남구	444494	187890	186758	1132	256604	기독당	3483
서울특별시	1100	송파구	491127	216721	215046	1675	274406	기독당	5100
서울특별시	1100	강동구	363743	160552	159114	1438	203191	기독당	7601
서울특별시	1100	종로구	135727	70871	69910	961	64856	문화예술당	60
서울특별시	1100	중구	106880	51570	50914	656	55310	문화예술당	60
서울특별시	1100	용산구	192033	82606	81753	853	109427	문화예술당	88
서울특별시	1100	성동구	265667	123624	122134	1490	142043	문화예술당	135
서울특별시	1100	광진구	298666	130836	129539	1297	167830	문화예술당	149
서울특별시	1100	동대문구	303788	140597	138670	1927	163191	문화예술당	166
서울특별시	1100	중랑구	338808	147219	145117	2102	191589	문화예술당	1000
서울특별시	1100	성북구	375377	166449	164308	2141	208928	문화예술당	200
서울특별시	1100	강북구	276757	118678	117171	1507	158079	문화예술당	152
서울특별시	1100	도봉구	293667	140240	138792	1448	153427	문화예술당	148
서울특별시	1100	노원구	467417	238002	235916	2086	229415	문화예술당	240
서울특별시	1100	은평구	359447	169513	167567	1946	189934	문화예술당	213
서울특별시	1100	서대문구	277932	128636	127031	1605	149296	문화예술당	137
서울특별시	1100	마포구	317518	143388	141889	1499	174130	문화예술당	163
서울특별시	1100	양천구	378915	172995	171092	1903	205920	문화예술당	197
서울특별시	1100	강서구	443974	198733	197078	1655	245241	문화예술당	246
서울특별시	1100	구로구	333902	160271	158544	1727	173631	문화예술당	154
서울특별시	1100	금천구	196593	86450	85367	1083	110143	문화예술당	113
서울특별시	1100	영등포구	326350	148824	147244	1580	177526	문화예술당	146
서울특별시	1100	동작구	327717	173206	171569	1637	154511	문화예술당	158
서울특별시	1100	관악구	441081	197426	195574	1852	243655	문화예술당	226
서울특별시	1100	서초구	320775	146437	145285	1152	174338	문화예술당	233
서울특별시	1100	강남구	444494	187890	186758	1132	256604	문화예술당	221
서울특별시	1100	송파구	491127	216721	215046	1675	274406	문화예술당	255
서울특별시	1100	강동구	363743	160552	159114	1438	203191	문화예술당	152
서울특별시	1100	종로구	135727	70871	69910	961	64856	시민당	25
서울특별시	1100	중구	106880	51570	50914	656	55310	시민당	38
서울특별시	1100	용산구	192033	82606	81753	853	109427	시민당	38
서울특별시	1100	성동구	265667	123624	122134	1490	142043	시민당	46
서울특별시	1100	광진구	298666	130836	129539	1297	167830	시민당	49
서울특별시	1100	동대문구	303788	140597	138670	1927	163191	시민당	82
서울특별시	1100	중랑구	338808	147219	145117	2102	191589	시민당	156
서울특별시	1100	성북구	375377	166449	164308	2141	208928	시민당	123
서울특별시	1100	강북구	276757	118678	117171	1507	158079	시민당	66
서울특별시	1100	도봉구	293667	140240	138792	1448	153427	시민당	58
서울특별시	1100	노원구	467417	238002	235916	2086	229415	시민당	110
서울특별시	1100	은평구	359447	169513	167567	1946	189934	시민당	80
서울특별시	1100	서대문구	277932	128636	127031	1605	149296	시민당	42
서울특별시	1100	마포구	317518	143388	141889	1499	174130	시민당	59
서울특별시	1100	양천구	378915	172995	171092	1903	205920	시민당	62
서울특별시	1100	강서구	443974	198733	197078	1655	245241	시민당	111
서울특별시	1100	구로구	333902	160271	158544	1727	173631	시민당	61
서울특별시	1100	금천구	196593	86450	85367	1083	110143	시민당	42
서울특별시	1100	영등포구	326350	148824	147244	1580	177526	시민당	59
서울특별시	1100	동작구	327717	173206	171569	1637	154511	시민당	53
서울특별시	1100	관악구	441081	197426	195574	1852	243655	시민당	85
서울특별시	1100	서초구	320775	146437	145285	1152	174338	시민당	39
서울특별시	1100	강남구	444494	187890	186758	1132	256604	시민당	160
서울특별시	1100	송파구	491127	216721	215046	1675	274406	시민당	63
서울특별시	1100	강동구	363743	160552	159114	1438	203191	시민당	68
서울특별시	1100	종로구	135727	70871	69910	961	64856	신미래당	21
서울특별시	1100	중구	106880	51570	50914	656	55310	신미래당	23
서울특별시	1100	용산구	192033	82606	81753	853	109427	신미래당	23
서울특별시	1100	성동구	265667	123624	122134	1490	142043	신미래당	55
서울특별시	1100	광진구	298666	130836	129539	1297	167830	신미래당	45
서울특별시	1100	동대문구	303788	140597	138670	1927	163191	신미래당	57
서울특별시	1100	중랑구	338808	147219	145117	2102	191589	신미래당	74
서울특별시	1100	성북구	375377	166449	164308	2141	208928	신미래당	90
서울특별시	1100	강북구	276757	118678	117171	1507	158079	신미래당	41
서울특별시	1100	도봉구	293667	140240	138792	1448	153427	신미래당	49
서울특별시	1100	노원구	467417	238002	235916	2086	229415	신미래당	68
서울특별시	1100	은평구	359447	169513	167567	1946	189934	신미래당	66
서울특별시	1100	서대문구	277932	128636	127031	1605	149296	신미래당	47
서울특별시	1100	마포구	317518	143388	141889	1499	174130	신미래당	38
서울특별시	1100	양천구	378915	172995	171092	1903	205920	신미래당	45
서울특별시	1100	강서구	443974	198733	197078	1655	245241	신미래당	76
서울특별시	1100	구로구	333902	160271	158544	1727	173631	신미래당	51
서울특별시	1100	금천구	196593	86450	85367	1083	110143	신미래당	36
서울특별시	1100	영등포구	326350	148824	147244	1580	177526	신미래당	51
서울특별시	1100	동작구	327717	173206	171569	1637	154511	신미래당	50
서울특별시	1100	관악구	441081	197426	195574	1852	243655	신미래당	71
서울특별시	1100	서초구	320775	146437	145285	1152	174338	신미래당	37
서울특별시	1100	강남구	444494	187890	186758	1132	256604	신미래당	60
서울특별시	1100	송파구	491127	216721	215046	1675	274406	신미래당	57
서울특별시	1100	강동구	363743	160552	159114	1438	203191	신미래당	57
서울특별시	1100	종로구	135727	70871	69910	961	64856	직능연합당	51
서울특별시	1100	중구	106880	51570	50914	656	55310	직능연합당	49
서울특별시	1100	용산구	192033	82606	81753	853	109427	직능연합당	65
서울특별시	1100	성동구	265667	123624	122134	1490	142043	직능연합당	78
서울특별시	1100	광진구	298666	130836	129539	1297	167830	직능연합당	126
서울특별시	1100	동대문구	303788	140597	138670	1927	163191	직능연합당	146
서울특별시	1100	중랑구	338808	147219	145117	2102	191589	직능연합당	127
서울특별시	1100	성북구	375377	166449	164308	2141	208928	직능연합당	159
서울특별시	1100	강북구	276757	118678	117171	1507	158079	직능연합당	95
서울특별시	1100	도봉구	293667	140240	138792	1448	153427	직능연합당	79
서울특별시	1100	노원구	467417	238002	235916	2086	229415	직능연합당	150
서울특별시	1100	은평구	359447	169513	167567	1946	189934	직능연합당	150
서울특별시	1100	서대문구	277932	128636	127031	1605	149296	직능연합당	104
서울특별시	1100	마포구	317518	143388	141889	1499	174130	직능연합당	119
서울특별시	1100	양천구	378915	172995	171092	1903	205920	직능연합당	152
서울특별시	1100	강서구	443974	198733	197078	1655	245241	직능연합당	160
서울특별시	1100	구로구	333902	160271	158544	1727	173631	직능연합당	96
서울특별시	1100	금천구	196593	86450	85367	1083	110143	직능연합당	54
서울특별시	1100	영등포구	326350	148824	147244	1580	177526	직능연합당	93
서울특별시	1100	동작구	327717	173206	171569	1637	154511	직능연합당	207
서울특별시	1100	관악구	441081	197426	195574	1852	243655	직능연합당	244
서울특별시	1100	서초구	320775	146437	145285	1152	174338	직능연합당	134
서울특별시	1100	강남구	444494	187890	186758	1132	256604	직능연합당	117
서울특별시	1100	송파구	491127	216721	215046	1675	274406	직능연합당	171
서울특별시	1100	강동구	363743	160552	159114	1438	203191	직능연합당	144
서울특별시	1100	종로구	135727	70871	69910	961	64856	진보신당	2750
서울특별시	1100	중구	106880	51570	50914	656	55310	진보신당	1346
서울특별시	1100	용산구	192033	82606	81753	853	109427	진보신당	2780
서울특별시	1100	성동구	265667	123624	122134	1490	142043	진보신당	3809
서울특별시	1100	광진구	298666	130836	129539	1297	167830	진보신당	4384
서울특별시	1100	동대문구	303788	140597	138670	1927	163191	진보신당	4472
서울특별시	1100	중랑구	338808	147219	145117	2102	191589	진보신당	4080
서울특별시	1100	성북구	375377	166449	164308	2141	208928	진보신당	7479
서울특별시	1100	강북구	276757	118678	117171	1507	158079	진보신당	5707
서울특별시	1100	도봉구	293667	140240	138792	1448	153427	진보신당	5044
서울특별시	1100	노원구	467417	238002	235916	2086	229415	진보신당	14553
서울특별시	1100	은평구	359447	169513	167567	1946	189934	진보신당	5280
서울특별시	1100	서대문구	277932	128636	127031	1605	149296	진보신당	5612
서울특별시	1100	마포구	317518	143388	141889	1499	174130	진보신당	7990
서울특별시	1100	양천구	378915	172995	171092	1903	205920	진보신당	6478
서울특별시	1100	강서구	443974	198733	197078	1655	245241	진보신당	6998
서울특별시	1100	구로구	333902	160271	158544	1727	173631	진보신당	5327
서울특별시	1100	금천구	196593	86450	85367	1083	110143	진보신당	2414
서울특별시	1100	영등포구	326350	148824	147244	1580	177526	진보신당	5338
서울특별시	1100	동작구	327717	173206	171569	1637	154511	진보신당	7938
서울특별시	1100	관악구	441081	197426	195574	1852	243655	진보신당	12884
서울특별시	1100	서초구	320775	146437	145285	1152	174338	진보신당	5584
서울특별시	1100	강남구	444494	187890	186758	1132	256604	진보신당	7234
서울특별시	1100	송파구	491127	216721	215046	1675	274406	진보신당	7115
서울특별시	1100	강동구	363743	160552	159114	1438	203191	진보신당	5767
서울특별시	1100	종로구	135727	70871	69910	961	64856	평화통일가정당	500
서울특별시	1100	중구	106880	51570	50914	656	55310	평화통일가정당	344
서울특별시	1100	용산구	192033	82606	81753	853	109427	평화통일가정당	1221
서울특별시	1100	성동구	265667	123624	122134	1490	142043	평화통일가정당	702
서울특별시	1100	광진구	298666	130836	129539	1297	167830	평화통일가정당	1335
서울특별시	1100	동대문구	303788	140597	138670	1927	163191	평화통일가정당	1122
서울특별시	1100	중랑구	338808	147219	145117	2102	191589	평화통일가정당	1086
서울특별시	1100	성북구	375377	166449	164308	2141	208928	평화통일가정당	1228
서울특별시	1100	강북구	276757	118678	117171	1507	158079	평화통일가정당	713
서울특별시	1100	도봉구	293667	140240	138792	1448	153427	평화통일가정당	884
서울특별시	1100	노원구	467417	238002	235916	2086	229415	평화통일가정당	1193
서울특별시	1100	은평구	359447	169513	167567	1946	189934	평화통일가정당	1309
서울특별시	1100	서대문구	277932	128636	127031	1605	149296	평화통일가정당	909
서울특별시	1100	마포구	317518	143388	141889	1499	174130	평화통일가정당	1091
서울특별시	1100	양천구	378915	172995	171092	1903	205920	평화통일가정당	1146
서울특별시	1100	강서구	443974	198733	197078	1655	245241	평화통일가정당	1210
서울특별시	1100	구로구	333902	160271	158544	1727	173631	평화통일가정당	1003
서울특별시	1100	금천구	196593	86450	85367	1083	110143	평화통일가정당	564
서울특별시	1100	영등포구	326350	148824	147244	1580	177526	평화통일가정당	1020
서울특별시	1100	동작구	327717	173206	171569	1637	154511	평화통일가정당	866
서울특별시	1100	관악구	441081	197426	195574	1852	243655	평화통일가정당	1166
서울특별시	1100	서초구	320775	146437	145285	1152	174338	평화통일가정당	900
서울특별시	1100	강남구	444494	187890	186758	1132	256604	평화통일가정당	964
서울특별시	1100	송파구	491127	216721	215046	1675	274406	평화통일가정당	1283
서울특별시	1100	강동구	363743	160552	159114	1438	203191	평화통일가정당	1187
서울특별시	1100	종로구	135727	70871	69910	961	64856	한국사회당	65
서울특별시	1100	중구	106880	51570	50914	656	55310	한국사회당	65
서울특별시	1100	용산구	192033	82606	81753	853	109427	한국사회당	63
서울특별시	1100	성동구	265667	123624	122134	1490	142043	한국사회당	99
서울특별시	1100	광진구	298666	130836	129539	1297	167830	한국사회당	106
서울특별시	1100	동대문구	303788	140597	138670	1927	163191	한국사회당	131
서울특별시	1100	중랑구	338808	147219	145117	2102	191589	한국사회당	216
서울특별시	1100	성북구	375377	166449	164308	2141	208928	한국사회당	174
서울특별시	1100	강북구	276757	118678	117171	1507	158079	한국사회당	133
서울특별시	1100	도봉구	293667	140240	138792	1448	153427	한국사회당	92
서울특별시	1100	노원구	467417	238002	235916	2086	229415	한국사회당	187
서울특별시	1100	은평구	359447	169513	167567	1946	189934	한국사회당	178
서울특별시	1100	서대문구	277932	128636	127031	1605	149296	한국사회당	133
서울특별시	1100	마포구	317518	143388	141889	1499	174130	한국사회당	136
서울특별시	1100	양천구	378915	172995	171092	1903	205920	한국사회당	113
서울특별시	1100	강서구	443974	198733	197078	1655	245241	한국사회당	167
서울특별시	1100	구로구	333902	160271	158544	1727	173631	한국사회당	102
서울특별시	1100	금천구	196593	86450	85367	1083	110143	한국사회당	83
서울특별시	1100	영등포구	326350	148824	147244	1580	177526	한국사회당	118
서울특별시	1100	동작구	327717	173206	171569	1637	154511	한국사회당	120
서울특별시	1100	관악구	441081	197426	195574	1852	243655	한국사회당	214
서울특별시	1100	서초구	320775	146437	145285	1152	174338	한국사회당	69
서울특별시	1100	강남구	444494	187890	186758	1132	256604	한국사회당	84
서울특별시	1100	송파구	491127	216721	215046	1675	274406	한국사회당	146
서울특별시	1100	강동구	363743	160552	159114	1438	203191	한국사회당	102
부산광역시	2600	중구	42068	16916	16674	242	25152	통합민주당	1785
부산광역시	2600	서구	108524	49009	47834	1175	59515	통합민주당	4646
부산광역시	2600	동구	86897	34247	33462	785	52650	통합민주당	3421
부산광역시	2600	영도구	126970	56795	55469	1326	70175	통합민주당	8868
부산광역시	2600	부산진구	325043	131067	129181	1886	193976	통합민주당	15400
부산광역시	2600	동래구	224455	102919	101136	1783	121536	통합민주당	11083
부산광역시	2600	남구	237463	103212	101449	1763	134251	통합민주당	11703
부산광역시	2600	북구	135186	53627	52821	806	81559	통합민주당	9984
부산광역시	2600	해운대구	232983	90296	89031	1265	142687	통합민주당	12040
부산광역시	2600	기장군	152569	64373	63386	987	88196	통합민주당	7375
부산광역시	2600	사하구	285366	125108	123456	1652	160258	통합민주당	22161
부산광역시	2600	금정구	206393	99555	97505	2050	106838	통합민주당	9916
부산광역시	2600	강서구	155247	65159	64173	986	90088	통합민주당	9998
부산광역시	2600	연제구	169695	79836	78421	1415	89859	통합민주당	8170
부산광역시	2600	수영구	145007	67828	66651	1177	77179	통합민주당	6826
부산광역시	2600	사상구	207579	78386	77125	1261	129193	통합민주당	9118
부산광역시	2600	중구	42068	16916	16674	242	25152	한나라당	7940
부산광역시	2600	서구	108524	49009	47834	1175	59515	한나라당	22526
부산광역시	2600	동구	86897	34247	33462	785	52650	한나라당	14874
부산광역시	2600	영도구	126970	56795	55469	1326	70175	한나라당	24360
부산광역시	2600	부산진구	325043	131067	129181	1886	193976	한나라당	55503
부산광역시	2600	동래구	224455	102919	101136	1783	121536	한나라당	43753
부산광역시	2600	남구	237463	103212	101449	1763	134251	한나라당	44429
부산광역시	2600	북구	135186	53627	52821	806	81559	한나라당	22134
부산광역시	2600	해운대구	232983	90296	89031	1265	142687	한나라당	39359
부산광역시	2600	기장군	152569	64373	63386	987	88196	한나라당	27560
부산광역시	2600	사하구	285366	125108	123456	1652	160258	한나라당	54978
부산광역시	2600	금정구	206393	99555	97505	2050	106838	한나라당	42701
부산광역시	2600	강서구	155247	65159	64173	986	90088	한나라당	27021
부산광역시	2600	연제구	169695	79836	78421	1415	89859	한나라당	33040
부산광역시	2600	수영구	145007	67828	66651	1177	77179	한나라당	29976
부산광역시	2600	사상구	207579	78386	77125	1261	129193	한나라당	31132
부산광역시	2600	중구	42068	16916	16674	242	25152	자유선진당	1351
부산광역시	2600	서구	108524	49009	47834	1175	59515	자유선진당	2097
부산광역시	2600	동구	86897	34247	33462	785	52650	자유선진당	3137
부산광역시	2600	영도구	126970	56795	55469	1326	70175	자유선진당	2417
부산광역시	2600	부산진구	325043	131067	129181	1886	193976	자유선진당	10318
부산광역시	2600	동래구	224455	102919	101136	1783	121536	자유선진당	4775
부산광역시	2600	남구	237463	103212	101449	1763	134251	자유선진당	4890
부산광역시	2600	북구	135186	53627	52821	806	81559	자유선진당	2384
부산광역시	2600	해운대구	232983	90296	89031	1265	142687	자유선진당	5379
부산광역시	2600	기장군	152569	64373	63386	987	88196	자유선진당	2852
부산광역시	2600	사하구	285366	125108	123456	1652	160258	자유선진당	4579
부산광역시	2600	금정구	206393	99555	97505	2050	106838	자유선진당	4669
부산광역시	2600	강서구	155247	65159	64173	986	90088	자유선진당	3120
부산광역시	2600	연제구	169695	79836	78421	1415	89859	자유선진당	3585
부산광역시	2600	수영구	145007	67828	66651	1177	77179	자유선진당	3173
부산광역시	2600	사상구	207579	78386	77125	1261	129193	자유선진당	3512
부산광역시	2600	중구	42068	16916	16674	242	25152	민주노동당	613
부산광역시	2600	서구	108524	49009	47834	1175	59515	민주노동당	1862
부산광역시	2600	동구	86897	34247	33462	785	52650	민주노동당	1433
부산광역시	2600	영도구	126970	56795	55469	1326	70175	민주노동당	4020
부산광역시	2600	부산진구	325043	131067	129181	1886	193976	민주노동당	7690
부산광역시	2600	동래구	224455	102919	101136	1783	121536	민주노동당	4254
부산광역시	2600	남구	237463	103212	101449	1763	134251	민주노동당	5889
부산광역시	2600	북구	135186	53627	52821	806	81559	민주노동당	2631
부산광역시	2600	해운대구	232983	90296	89031	1265	142687	민주노동당	4959
부산광역시	2600	기장군	152569	64373	63386	987	88196	민주노동당	2637
부산광역시	2600	사하구	285366	125108	123456	1652	160258	민주노동당	6204
부산광역시	2600	금정구	206393	99555	97505	2050	106838	민주노동당	5811
부산광역시	2600	강서구	155247	65159	64173	986	90088	민주노동당	2922
부산광역시	2600	연제구	169695	79836	78421	1415	89859	민주노동당	4259
부산광역시	2600	수영구	145007	67828	66651	1177	77179	민주노동당	2545
부산광역시	2600	사상구	207579	78386	77125	1261	129193	민주노동당	5514
부산광역시	2600	중구	42068	16916	16674	242	25152	창조한국당	538
부산광역시	2600	서구	108524	49009	47834	1175	59515	창조한국당	1591
부산광역시	2600	동구	86897	34247	33462	785	52650	창조한국당	1125
부산광역시	2600	영도구	126970	56795	55469	1326	70175	창조한국당	1800
부산광역시	2600	부산진구	325043	131067	129181	1886	193976	창조한국당	4484
부산광역시	2600	동래구	224455	102919	101136	1783	121536	창조한국당	4053
부산광역시	2600	남구	237463	103212	101449	1763	134251	창조한국당	4144
부산광역시	2600	북구	135186	53627	52821	806	81559	창조한국당	2009
부산광역시	2600	해운대구	232983	90296	89031	1265	142687	창조한국당	3370
부산광역시	2600	기장군	152569	64373	63386	987	88196	창조한국당	2474
부산광역시	2600	사하구	285366	125108	123456	1652	160258	창조한국당	4707
부산광역시	2600	금정구	206393	99555	97505	2050	106838	창조한국당	3783
부산광역시	2600	강서구	155247	65159	64173	986	90088	창조한국당	2606
부산광역시	2600	연제구	169695	79836	78421	1415	89859	창조한국당	3000
부산광역시	2600	수영구	145007	67828	66651	1177	77179	창조한국당	2533
부산광역시	2600	사상구	207579	78386	77125	1261	129193	창조한국당	2919
부산광역시	2600	중구	42068	16916	16674	242	25152	친박연대	3489
부산광역시	2600	서구	108524	49009	47834	1175	59515	친박연대	11059
부산광역시	2600	동구	86897	34247	33462	785	52650	친박연대	7473
부산광역시	2600	영도구	126970	56795	55469	1326	70175	친박연대	9320
부산광역시	2600	부산진구	325043	131067	129181	1886	193976	친박연대	26591
부산광역시	2600	동래구	224455	102919	101136	1783	121536	친박연대	25674
부산광역시	2600	남구	237463	103212	101449	1763	134251	친박연대	22612
부산광역시	2600	북구	135186	53627	52821	806	81559	친박연대	10714
부산광역시	2600	해운대구	232983	90296	89031	1265	142687	친박연대	18468
부산광역시	2600	기장군	152569	64373	63386	987	88196	친박연대	16338
부산광역시	2600	사하구	285366	125108	123456	1652	160258	친박연대	24298
부산광역시	2600	금정구	206393	99555	97505	2050	106838	친박연대	22009
부산광역시	2600	강서구	155247	65159	64173	986	90088	친박연대	13270
부산광역시	2600	연제구	169695	79836	78421	1415	89859	친박연대	21645
부산광역시	2600	수영구	145007	67828	66651	1177	77179	친박연대	16997
부산광역시	2600	사상구	207579	78386	77125	1261	129193	친박연대	20436
부산광역시	2600	중구	42068	16916	16674	242	25152	국민실향안보당	64
부산광역시	2600	서구	108524	49009	47834	1175	59515	국민실향안보당	1589
부산광역시	2600	동구	86897	34247	33462	785	52650	국민실향안보당	96
부산광역시	2600	영도구	126970	56795	55469	1326	70175	국민실향안보당	1546
부산광역시	2600	부산진구	325043	131067	129181	1886	193976	국민실향안보당	1027
부산광역시	2600	동래구	224455	102919	101136	1783	121536	국민실향안보당	2023
부산광역시	2600	남구	237463	103212	101449	1763	134251	국민실향안보당	1268
부산광역시	2600	북구	135186	53627	52821	806	81559	국민실향안보당	77
부산광역시	2600	해운대구	232983	90296	89031	1265	142687	국민실향안보당	133
부산광역시	2600	기장군	152569	64373	63386	987	88196	국민실향안보당	105
부산광역시	2600	사하구	285366	125108	123456	1652	160258	국민실향안보당	176
부산광역시	2600	금정구	206393	99555	97505	2050	106838	국민실향안보당	3054
부산광역시	2600	강서구	155247	65159	64173	986	90088	국민실향안보당	144
부산광역시	2600	연제구	169695	79836	78421	1415	89859	국민실향안보당	148
부산광역시	2600	수영구	145007	67828	66651	1177	77179	국민실향안보당	1249
부산광역시	2600	사상구	207579	78386	77125	1261	129193	국민실향안보당	189
부산광역시	2600	중구	42068	16916	16674	242	25152	기독당	317
부산광역시	2600	서구	108524	49009	47834	1175	59515	기독당	838
부산광역시	2600	동구	86897	34247	33462	785	52650	기독당	584
부산광역시	2600	영도구	126970	56795	55469	1326	70175	기독당	930
부산광역시	2600	부산진구	325043	131067	129181	1886	193976	기독당	2266
부산광역시	2600	동래구	224455	102919	101136	1783	121536	기독당	1506
부산광역시	2600	남구	237463	103212	101449	1763	134251	기독당	2190
부산광역시	2600	북구	135186	53627	52821	806	81559	기독당	882
부산광역시	2600	해운대구	232983	90296	89031	1265	142687	기독당	1788
부산광역시	2600	기장군	152569	64373	63386	987	88196	기독당	1290
부산광역시	2600	사하구	285366	125108	123456	1652	160258	기독당	2321
부산광역시	2600	금정구	206393	99555	97505	2050	106838	기독당	1467
부산광역시	2600	강서구	155247	65159	64173	986	90088	기독당	1258
부산광역시	2600	연제구	169695	79836	78421	1415	89859	기독당	1705
부산광역시	2600	수영구	145007	67828	66651	1177	77179	기독당	873
부산광역시	2600	사상구	207579	78386	77125	1261	129193	기독당	1620
부산광역시	2600	중구	42068	16916	16674	242	25152	문화예술당	26
부산광역시	2600	서구	108524	49009	47834	1175	59515	문화예술당	66
부산광역시	2600	동구	86897	34247	33462	785	52650	문화예술당	49
부산광역시	2600	영도구	126970	56795	55469	1326	70175	문화예술당	99
부산광역시	2600	부산진구	325043	131067	129181	1886	193976	문화예술당	173
부산광역시	2600	동래구	224455	102919	101136	1783	121536	문화예술당	150
부산광역시	2600	남구	237463	103212	101449	1763	134251	문화예술당	162
부산광역시	2600	북구	135186	53627	52821	806	81559	문화예술당	83
부산광역시	2600	해운대구	232983	90296	89031	1265	142687	문화예술당	116
부산광역시	2600	기장군	152569	64373	63386	987	88196	문화예술당	86
부산광역시	2600	사하구	285366	125108	123456	1652	160258	문화예술당	151
부산광역시	2600	금정구	206393	99555	97505	2050	106838	문화예술당	174
부산광역시	2600	강서구	155247	65159	64173	986	90088	문화예술당	83
부산광역시	2600	연제구	169695	79836	78421	1415	89859	문화예술당	105
부산광역시	2600	수영구	145007	67828	66651	1177	77179	문화예술당	75
부산광역시	2600	사상구	207579	78386	77125	1261	129193	문화예술당	113
부산광역시	2600	중구	42068	16916	16674	242	25152	시민당	13
부산광역시	2600	서구	108524	49009	47834	1175	59515	시민당	52
부산광역시	2600	동구	86897	34247	33462	785	52650	시민당	45
부산광역시	2600	영도구	126970	56795	55469	1326	70175	시민당	71
부산광역시	2600	부산진구	325043	131067	129181	1886	193976	시민당	150
부산광역시	2600	동래구	224455	102919	101136	1783	121536	시민당	73
부산광역시	2600	남구	237463	103212	101449	1763	134251	시민당	110
부산광역시	2600	북구	135186	53627	52821	806	81559	시민당	52
부산광역시	2600	해운대구	232983	90296	89031	1265	142687	시민당	70
부산광역시	2600	기장군	152569	64373	63386	987	88196	시민당	37
부산광역시	2600	사하구	285366	125108	123456	1652	160258	시민당	74
부산광역시	2600	금정구	206393	99555	97505	2050	106838	시민당	138
부산광역시	2600	강서구	155247	65159	64173	986	90088	시민당	52
부산광역시	2600	연제구	169695	79836	78421	1415	89859	시민당	83
부산광역시	2600	수영구	145007	67828	66651	1177	77179	시민당	49
부산광역시	2600	사상구	207579	78386	77125	1261	129193	시민당	81
부산광역시	2600	중구	42068	16916	16674	242	25152	신미래당	7
부산광역시	2600	서구	108524	49009	47834	1175	59515	신미래당	32
부산광역시	2600	동구	86897	34247	33462	785	52650	신미래당	21
부산광역시	2600	영도구	126970	56795	55469	1326	70175	신미래당	67
부산광역시	2600	부산진구	325043	131067	129181	1886	193976	신미래당	64
부산광역시	2600	동래구	224455	102919	101136	1783	121536	신미래당	59
부산광역시	2600	남구	237463	103212	101449	1763	134251	신미래당	75
부산광역시	2600	북구	135186	53627	52821	806	81559	신미래당	25
부산광역시	2600	해운대구	232983	90296	89031	1265	142687	신미래당	54
부산광역시	2600	기장군	152569	64373	63386	987	88196	신미래당	20
부산광역시	2600	사하구	285366	125108	123456	1652	160258	신미래당	57
부산광역시	2600	금정구	206393	99555	97505	2050	106838	신미래당	83
부산광역시	2600	강서구	155247	65159	64173	986	90088	신미래당	30
부산광역시	2600	연제구	169695	79836	78421	1415	89859	신미래당	43
부산광역시	2600	수영구	145007	67828	66651	1177	77179	신미래당	39
부산광역시	2600	사상구	207579	78386	77125	1261	129193	신미래당	44
부산광역시	2600	중구	42068	16916	16674	242	25152	직능연합당	7
부산광역시	2600	서구	108524	49009	47834	1175	59515	직능연합당	33
부산광역시	2600	동구	86897	34247	33462	785	52650	직능연합당	31
부산광역시	2600	영도구	126970	56795	55469	1326	70175	직능연합당	30
부산광역시	2600	부산진구	325043	131067	129181	1886	193976	직능연합당	96
부산광역시	2600	동래구	224455	102919	101136	1783	121536	직능연합당	70
부산광역시	2600	남구	237463	103212	101449	1763	134251	직능연합당	67
부산광역시	2600	북구	135186	53627	52821	806	81559	직능연합당	37
부산광역시	2600	해운대구	232983	90296	89031	1265	142687	직능연합당	81
부산광역시	2600	기장군	152569	64373	63386	987	88196	직능연합당	38
부산광역시	2600	사하구	285366	125108	123456	1652	160258	직능연합당	116
부산광역시	2600	금정구	206393	99555	97505	2050	106838	직능연합당	81
부산광역시	2600	강서구	155247	65159	64173	986	90088	직능연합당	37
부산광역시	2600	연제구	169695	79836	78421	1415	89859	직능연합당	47
부산광역시	2600	수영구	145007	67828	66651	1177	77179	직능연합당	43
부산광역시	2600	사상구	207579	78386	77125	1261	129193	직능연합당	43
부산광역시	2600	중구	42068	16916	16674	242	25152	진보신당	358
부산광역시	2600	서구	108524	49009	47834	1175	59515	진보신당	981
부산광역시	2600	동구	86897	34247	33462	785	52650	진보신당	715
부산광역시	2600	영도구	126970	56795	55469	1326	70175	진보신당	1327
부산광역시	2600	부산진구	325043	131067	129181	1886	193976	진보신당	4181
부산광역시	2600	동래구	224455	102919	101136	1783	121536	진보신당	2800
부산광역시	2600	남구	237463	103212	101449	1763	134251	진보신당	2819
부산광역시	2600	북구	135186	53627	52821	806	81559	진보신당	1294
부산광역시	2600	해운대구	232983	90296	89031	1265	142687	진보신당	2530
부산광역시	2600	기장군	152569	64373	63386	987	88196	진보신당	2144
부산광역시	2600	사하구	285366	125108	123456	1652	160258	진보신당	2757
부산광역시	2600	금정구	206393	99555	97505	2050	106838	진보신당	2832
부산광역시	2600	강서구	155247	65159	64173	986	90088	진보신당	2923
부산광역시	2600	연제구	169695	79836	78421	1415	89859	진보신당	2038
부산광역시	2600	수영구	145007	67828	66651	1177	77179	진보신당	1722
부산광역시	2600	사상구	207579	78386	77125	1261	129193	진보신당	1790
부산광역시	2600	중구	42068	16916	16674	242	25152	평화통일가정당	144
부산광역시	2600	서구	108524	49009	47834	1175	59515	평화통일가정당	382
부산광역시	2600	동구	86897	34247	33462	785	52650	평화통일가정당	398
부산광역시	2600	영도구	126970	56795	55469	1326	70175	평화통일가정당	505
부산광역시	2600	부산진구	325043	131067	129181	1886	193976	평화통일가정당	1052
부산광역시	2600	동래구	224455	102919	101136	1783	121536	평화통일가정당	732
부산광역시	2600	남구	237463	103212	101449	1763	134251	평화통일가정당	974
부산광역시	2600	북구	135186	53627	52821	806	81559	평화통일가정당	433
부산광역시	2600	해운대구	232983	90296	89031	1265	142687	평화통일가정당	602
부산광역시	2600	기장군	152569	64373	63386	987	88196	평화통일가정당	373
부산광역시	2600	사하구	285366	125108	123456	1652	160258	평화통일가정당	762
부산광역시	2600	금정구	206393	99555	97505	2050	106838	평화통일가정당	619
부산광역시	2600	강서구	155247	65159	64173	986	90088	평화통일가정당	602
부산광역시	2600	연제구	169695	79836	78421	1415	89859	평화통일가정당	462
부산광역시	2600	수영구	145007	67828	66651	1177	77179	평화통일가정당	469
부산광역시	2600	사상구	207579	78386	77125	1261	129193	평화통일가정당	507
부산광역시	2600	중구	42068	16916	16674	242	25152	한국사회당	22
부산광역시	2600	서구	108524	49009	47834	1175	59515	한국사회당	80
부산광역시	2600	동구	86897	34247	33462	785	52650	한국사회당	60
부산광역시	2600	영도구	126970	56795	55469	1326	70175	한국사회당	109
부산광역시	2600	부산진구	325043	131067	129181	1886	193976	한국사회당	186
부산광역시	2600	동래구	224455	102919	101136	1783	121536	한국사회당	131
부산광역시	2600	남구	237463	103212	101449	1763	134251	한국사회당	117
부산광역시	2600	북구	135186	53627	52821	806	81559	한국사회당	82
부산광역시	2600	해운대구	232983	90296	89031	1265	142687	한국사회당	82
부산광역시	2600	기장군	152569	64373	63386	987	88196	한국사회당	57
부산광역시	2600	사하구	285366	125108	123456	1652	160258	한국사회당	115
부산광역시	2600	금정구	206393	99555	97505	2050	106838	한국사회당	168
부산광역시	2600	강서구	155247	65159	64173	986	90088	한국사회당	107
부산광역시	2600	연제구	169695	79836	78421	1415	89859	한국사회당	91
부산광역시	2600	수영구	145007	67828	66651	1177	77179	한국사회당	82
부산광역시	2600	사상구	207579	78386	77125	1261	129193	한국사회당	107
대구광역시	2700	중구	65971	30462	30025	437	35509	통합민주당	1593
대구광역시	2700	동구	264086	117092	115279	1813	146994	통합민주당	5808
대구광역시	2700	서구	188724	86184	84647	1537	102540	통합민주당	3200
대구광역시	2700	남구	145673	63366	62485	881	82307	통합민주당	3279
대구광역시	2700	북구	342236	142729	140819	1910	199507	통합민주당	7334
대구광역시	2700	수성구	332658	158138	156606	1532	174520	통합민주당	8426
대구광역시	2700	달서구	438934	201686	199135	2551	237248	통합민주당	9336
대구광역시	2700	달성군	121397	57419	56194	1225	63978	통합민주당	2673
대구광역시	2700	중구	65971	30462	30025	437	35509	한나라당	14729
대구광역시	2700	동구	264086	117092	115279	1813	146994	한나라당	54309
대구광역시	2700	서구	188724	86184	84647	1537	102540	한나라당	38697
대구광역시	2700	남구	145673	63366	62485	881	82307	한나라당	29943
대구광역시	2700	북구	342236	142729	140819	1910	199507	한나라당	64078
대구광역시	2700	수성구	332658	158138	156606	1532	174520	한나라당	73696
대구광역시	2700	달서구	438934	201686	199135	2551	237248	한나라당	89774
대구광역시	2700	달성군	121397	57419	56194	1225	63978	한나라당	28332
대구광역시	2700	중구	65971	30462	30025	437	35509	자유선진당	1744
대구광역시	2700	동구	264086	117092	115279	1813	146994	자유선진당	5451
대구광역시	2700	서구	188724	86184	84647	1537	102540	자유선진당	2563
대구광역시	2700	남구	145673	63366	62485	881	82307	자유선진당	3668
대구광역시	2700	북구	342236	142729	140819	1910	199507	자유선진당	5446
대구광역시	2700	수성구	332658	158138	156606	1532	174520	자유선진당	5813
대구광역시	2700	달서구	438934	201686	199135	2551	237248	자유선진당	6999
대구광역시	2700	달성군	121397	57419	56194	1225	63978	자유선진당	1753
대구광역시	2700	중구	65971	30462	30025	437	35509	민주노동당	810
대구광역시	2700	동구	264086	117092	115279	1813	146994	민주노동당	4282
대구광역시	2700	서구	188724	86184	84647	1537	102540	민주노동당	2175
대구광역시	2700	남구	145673	63366	62485	881	82307	민주노동당	2033
대구광역시	2700	북구	342236	142729	140819	1910	199507	민주노동당	4245
대구광역시	2700	수성구	332658	158138	156606	1532	174520	민주노동당	3867
대구광역시	2700	달서구	438934	201686	199135	2551	237248	민주노동당	6409
대구광역시	2700	달성군	121397	57419	56194	1225	63978	민주노동당	3545
대구광역시	2700	중구	65971	30462	30025	437	35509	창조한국당	796
대구광역시	2700	동구	264086	117092	115279	1813	146994	창조한국당	3365
대구광역시	2700	서구	188724	86184	84647	1537	102540	창조한국당	1860
대구광역시	2700	남구	145673	63366	62485	881	82307	창조한국당	1758
대구광역시	2700	북구	342236	142729	140819	1910	199507	창조한국당	4342
대구광역시	2700	수성구	332658	158138	156606	1532	174520	창조한국당	4802
대구광역시	2700	달서구	438934	201686	199135	2551	237248	창조한국당	6208
대구광역시	2700	달성군	121397	57419	56194	1225	63978	창조한국당	1490
대구광역시	2700	중구	65971	30462	30025	437	35509	친박연대	8715
대구광역시	2700	동구	264086	117092	115279	1813	146994	친박연대	35840
대구광역시	2700	서구	188724	86184	84647	1537	102540	친박연대	32197
대구광역시	2700	남구	145673	63366	62485	881	82307	친박연대	18000
대구광역시	2700	북구	342236	142729	140819	1910	199507	친박연대	47584
대구광역시	2700	수성구	332658	158138	156606	1532	174520	친박연대	49770
대구광역시	2700	달서구	438934	201686	199135	2551	237248	친박연대	69527
대구광역시	2700	달성군	121397	57419	56194	1225	63978	친박연대	15157
대구광역시	2700	중구	65971	30462	30025	437	35509	국민실향안보당	285
대구광역시	2700	동구	264086	117092	115279	1813	146994	국민실향안보당	236
대구광역시	2700	서구	188724	86184	84647	1537	102540	국민실향안보당	196
대구광역시	2700	남구	145673	63366	62485	881	82307	국민실향안보당	534
대구광역시	2700	북구	342236	142729	140819	1910	199507	국민실향안보당	278
대구광역시	2700	수성구	332658	158138	156606	1532	174520	국민실향안보당	705
대구광역시	2700	달서구	438934	201686	199135	2551	237248	국민실향안보당	1307
대구광역시	2700	달성군	121397	57419	56194	1225	63978	국민실향안보당	105
대구광역시	2700	중구	65971	30462	30025	437	35509	기독당	507
대구광역시	2700	동구	264086	117092	115279	1813	146994	기독당	2540
대구광역시	2700	서구	188724	86184	84647	1537	102540	기독당	1159
대구광역시	2700	남구	145673	63366	62485	881	82307	기독당	1395
대구광역시	2700	북구	342236	142729	140819	1910	199507	기독당	2778
대구광역시	2700	수성구	332658	158138	156606	1532	174520	기독당	2793
대구광역시	2700	달서구	438934	201686	199135	2551	237248	기독당	3177
대구광역시	2700	달성군	121397	57419	56194	1225	63978	기독당	1143
대구광역시	2700	중구	65971	30462	30025	437	35509	문화예술당	26
대구광역시	2700	동구	264086	117092	115279	1813	146994	문화예술당	129
대구광역시	2700	서구	188724	86184	84647	1537	102540	문화예술당	111
대구광역시	2700	남구	145673	63366	62485	881	82307	문화예술당	76
대구광역시	2700	북구	342236	142729	140819	1910	199507	문화예술당	141
대구광역시	2700	수성구	332658	158138	156606	1532	174520	문화예술당	166
대구광역시	2700	달서구	438934	201686	199135	2551	237248	문화예술당	196
대구광역시	2700	달성군	121397	57419	56194	1225	63978	문화예술당	69
대구광역시	2700	중구	65971	30462	30025	437	35509	시민당	18
대구광역시	2700	동구	264086	117092	115279	1813	146994	시민당	84
대구광역시	2700	서구	188724	86184	84647	1537	102540	시민당	75
대구광역시	2700	남구	145673	63366	62485	881	82307	시민당	54
대구광역시	2700	북구	342236	142729	140819	1910	199507	시민당	78
대구광역시	2700	수성구	332658	158138	156606	1532	174520	시민당	95
대구광역시	2700	달서구	438934	201686	199135	2551	237248	시민당	125
대구광역시	2700	달성군	121397	57419	56194	1225	63978	시민당	63
대구광역시	2700	중구	65971	30462	30025	437	35509	신미래당	10
대구광역시	2700	동구	264086	117092	115279	1813	146994	신미래당	78
대구광역시	2700	서구	188724	86184	84647	1537	102540	신미래당	42
대구광역시	2700	남구	145673	63366	62485	881	82307	신미래당	34
대구광역시	2700	북구	342236	142729	140819	1910	199507	신미래당	56
대구광역시	2700	수성구	332658	158138	156606	1532	174520	신미래당	57
대구광역시	2700	달서구	438934	201686	199135	2551	237248	신미래당	69
대구광역시	2700	달성군	121397	57419	56194	1225	63978	신미래당	45
대구광역시	2700	중구	65971	30462	30025	437	35509	직능연합당	21
대구광역시	2700	동구	264086	117092	115279	1813	146994	직능연합당	81
대구광역시	2700	서구	188724	86184	84647	1537	102540	직능연합당	35
대구광역시	2700	남구	145673	63366	62485	881	82307	직능연합당	43
대구광역시	2700	북구	342236	142729	140819	1910	199507	직능연합당	101
대구광역시	2700	수성구	332658	158138	156606	1532	174520	직능연합당	89
대구광역시	2700	달서구	438934	201686	199135	2551	237248	직능연합당	195
대구광역시	2700	달성군	121397	57419	56194	1225	63978	직능연합당	43
대구광역시	2700	중구	65971	30462	30025	437	35509	진보신당	543
대구광역시	2700	동구	264086	117092	115279	1813	146994	진보신당	2163
대구광역시	2700	서구	188724	86184	84647	1537	102540	진보신당	1684
대구광역시	2700	남구	145673	63366	62485	881	82307	진보신당	1129
대구광역시	2700	북구	342236	142729	140819	1910	199507	진보신당	3199
대구광역시	2700	수성구	332658	158138	156606	1532	174520	진보신당	5319
대구광역시	2700	달서구	438934	201686	199135	2551	237248	진보신당	4377
대구광역시	2700	달성군	121397	57419	56194	1225	63978	진보신당	1003
대구광역시	2700	중구	65971	30462	30025	437	35509	평화통일가정당	177
대구광역시	2700	동구	264086	117092	115279	1813	146994	평화통일가정당	767
대구광역시	2700	서구	188724	86184	84647	1537	102540	평화통일가정당	554
대구광역시	2700	남구	145673	63366	62485	881	82307	평화통일가정당	454
대구광역시	2700	북구	342236	142729	140819	1910	199507	평화통일가정당	1035
대구광역시	2700	수성구	332658	158138	156606	1532	174520	평화통일가정당	876
대구광역시	2700	달서구	438934	201686	199135	2551	237248	평화통일가정당	1248
대구광역시	2700	달성군	121397	57419	56194	1225	63978	평화통일가정당	641
대구광역시	2700	중구	65971	30462	30025	437	35509	한국사회당	51
대구광역시	2700	동구	264086	117092	115279	1813	146994	한국사회당	146
대구광역시	2700	서구	188724	86184	84647	1537	102540	한국사회당	99
대구광역시	2700	남구	145673	63366	62485	881	82307	한국사회당	85
대구광역시	2700	북구	342236	142729	140819	1910	199507	한국사회당	124
대구광역시	2700	수성구	332658	158138	156606	1532	174520	한국사회당	132
대구광역시	2700	달서구	438934	201686	199135	2551	237248	한국사회당	188
대구광역시	2700	달성군	121397	57419	56194	1225	63978	한국사회당	132
인천광역시	2800	중구	70398	29423	28816	607	40975	통합민주당	6647
인천광역시	2800	동구	59084	27609	26954	655	31475	통합민주당	6317
인천광역시	2800	남구	327790	134088	131877	2211	193702	통합민주당	31699
인천광역시	2800	연수구	195237	85197	84162	1035	110040	통합민주당	17462
인천광역시	2800	남동구	324749	136889	134951	1938	187860	통합민주당	28533
인천광역시	2800	부평구	431169	179154	176782	2372	252015	통합민주당	47457
인천광역시	2800	계양구	249250	107119	105946	1173	142131	통합민주당	31858
인천광역시	2800	서구	212272	85289	83964	1325	126983	통합민주당	23413
인천광역시	2800	강화군	134583	64543	62743	1800	70040	통합민주당	12077
인천광역시	2800	옹진군	14167	8919	8613	306	5248	통합민주당	2017
인천광역시	2800	중구	70398	29423	28816	607	40975	한나라당	12564
인천광역시	2800	동구	59084	27609	26954	655	31475	한나라당	11349
인천광역시	2800	남구	327790	134088	131877	2211	193702	한나라당	55618
인천광역시	2800	연수구	195237	85197	84162	1035	110040	한나라당	34504
인천광역시	2800	남동구	324749	136889	134951	1938	187860	한나라당	51500
인천광역시	2800	부평구	431169	179154	176782	2372	252015	한나라당	66102
인천광역시	2800	계양구	249250	107119	105946	1173	142131	한나라당	38754
인천광역시	2800	서구	212272	85289	83964	1325	126983	한나라당	33070
인천광역시	2800	강화군	134583	64543	62743	1800	70040	한나라당	27038
인천광역시	2800	옹진군	14167	8919	8613	306	5248	한나라당	4753
인천광역시	2800	중구	70398	29423	28816	607	40975	자유선진당	1418
인천광역시	2800	동구	59084	27609	26954	655	31475	자유선진당	1352
인천광역시	2800	남구	327790	134088	131877	2211	193702	자유선진당	8111
인천광역시	2800	연수구	195237	85197	84162	1035	110040	자유선진당	6724
인천광역시	2800	남동구	324749	136889	134951	1938	187860	자유선진당	9368
인천광역시	2800	부평구	431169	179154	176782	2372	252015	자유선진당	11801
인천광역시	2800	계양구	249250	107119	105946	1173	142131	자유선진당	6270
인천광역시	2800	서구	212272	85289	83964	1325	126983	자유선진당	3816
인천광역시	2800	강화군	134583	64543	62743	1800	70040	자유선진당	2482
인천광역시	2800	옹진군	14167	8919	8613	306	5248	자유선진당	267
인천광역시	2800	중구	70398	29423	28816	607	40975	민주노동당	1177
인천광역시	2800	동구	59084	27609	26954	655	31475	민주노동당	1343
인천광역시	2800	남구	327790	134088	131877	2211	193702	민주노동당	5697
인천광역시	2800	연수구	195237	85197	84162	1035	110040	민주노동당	3903
인천광역시	2800	남동구	324749	136889	134951	1938	187860	민주노동당	10448
인천광역시	2800	부평구	431169	179154	176782	2372	252015	민주노동당	12247
인천광역시	2800	계양구	249250	107119	105946	1173	142131	민주노동당	6887
인천광역시	2800	서구	212272	85289	83964	1325	126983	민주노동당	4293
인천광역시	2800	강화군	134583	64543	62743	1800	70040	민주노동당	2648
인천광역시	2800	옹진군	14167	8919	8613	306	5248	민주노동당	294
인천광역시	2800	중구	70398	29423	28816	607	40975	창조한국당	1202
인천광역시	2800	동구	59084	27609	26954	655	31475	창조한국당	891
인천광역시	2800	남구	327790	134088	131877	2211	193702	창조한국당	5572
인천광역시	2800	연수구	195237	85197	84162	1035	110040	창조한국당	4078
인천광역시	2800	남동구	324749	136889	134951	1938	187860	창조한국당	7485
인천광역시	2800	부평구	431169	179154	176782	2372	252015	창조한국당	7447
인천광역시	2800	계양구	249250	107119	105946	1173	142131	창조한국당	4428
인천광역시	2800	서구	212272	85289	83964	1325	126983	창조한국당	3212
인천광역시	2800	강화군	134583	64543	62743	1800	70040	창조한국당	2505
인천광역시	2800	옹진군	14167	8919	8613	306	5248	창조한국당	187
인천광역시	2800	중구	70398	29423	28816	607	40975	친박연대	3312
인천광역시	2800	동구	59084	27609	26954	655	31475	친박연대	2925
인천광역시	2800	남구	327790	134088	131877	2211	193702	친박연대	15168
인천광역시	2800	연수구	195237	85197	84162	1035	110040	친박연대	10208
인천광역시	2800	남동구	324749	136889	134951	1938	187860	친박연대	14958
인천광역시	2800	부평구	431169	179154	176782	2372	252015	친박연대	17695
인천광역시	2800	계양구	249250	107119	105946	1173	142131	친박연대	9334
인천광역시	2800	서구	212272	85289	83964	1325	126983	친박연대	8765
인천광역시	2800	강화군	134583	64543	62743	1800	70040	친박연대	8836
인천광역시	2800	옹진군	14167	8919	8613	306	5248	친박연대	591
인천광역시	2800	중구	70398	29423	28816	607	40975	국민실향안보당	63
인천광역시	2800	동구	59084	27609	26954	655	31475	국민실향안보당	94
인천광역시	2800	남구	327790	134088	131877	2211	193702	국민실향안보당	226
인천광역시	2800	연수구	195237	85197	84162	1035	110040	국민실향안보당	95
인천광역시	2800	남동구	324749	136889	134951	1938	187860	국민실향안보당	817
인천광역시	2800	부평구	431169	179154	176782	2372	252015	국민실향안보당	415
인천광역시	2800	계양구	249250	107119	105946	1173	142131	국민실향안보당	78
인천광역시	2800	서구	212272	85289	83964	1325	126983	국민실향안보당	110
인천광역시	2800	강화군	134583	64543	62743	1800	70040	국민실향안보당	166
인천광역시	2800	옹진군	14167	8919	8613	306	5248	국민실향안보당	22
인천광역시	2800	중구	70398	29423	28816	607	40975	기독당	949
인천광역시	2800	동구	59084	27609	26954	655	31475	기독당	739
인천광역시	2800	남구	327790	134088	131877	2211	193702	기독당	4714
인천광역시	2800	연수구	195237	85197	84162	1035	110040	기독당	3249
인천광역시	2800	남동구	324749	136889	134951	1938	187860	기독당	5826
인천광역시	2800	부평구	431169	179154	176782	2372	252015	기독당	6003
인천광역시	2800	계양구	249250	107119	105946	1173	142131	기독당	3784
인천광역시	2800	서구	212272	85289	83964	1325	126983	기독당	2837
인천광역시	2800	강화군	134583	64543	62743	1800	70040	기독당	3077
인천광역시	2800	옹진군	14167	8919	8613	306	5248	기독당	190
인천광역시	2800	중구	70398	29423	28816	607	40975	문화예술당	47
인천광역시	2800	동구	59084	27609	26954	655	31475	문화예술당	58
인천광역시	2800	남구	327790	134088	131877	2211	193702	문화예술당	187
인천광역시	2800	연수구	195237	85197	84162	1035	110040	문화예술당	102
인천광역시	2800	남동구	324749	136889	134951	1938	187860	문화예술당	214
인천광역시	2800	부평구	431169	179154	176782	2372	252015	문화예술당	267
인천광역시	2800	계양구	249250	107119	105946	1173	142131	문화예술당	139
인천광역시	2800	서구	212272	85289	83964	1325	126983	문화예술당	121
인천광역시	2800	강화군	134583	64543	62743	1800	70040	문화예술당	977
인천광역시	2800	옹진군	14167	8919	8613	306	5248	문화예술당	25
인천광역시	2800	중구	70398	29423	28816	607	40975	시민당	29
인천광역시	2800	동구	59084	27609	26954	655	31475	시민당	41
인천광역시	2800	남구	327790	134088	131877	2211	193702	시민당	102
인천광역시	2800	연수구	195237	85197	84162	1035	110040	시민당	56
인천광역시	2800	남동구	324749	136889	134951	1938	187860	시민당	153
인천광역시	2800	부평구	431169	179154	176782	2372	252015	시민당	130
인천광역시	2800	계양구	249250	107119	105946	1173	142131	시민당	68
인천광역시	2800	서구	212272	85289	83964	1325	126983	시민당	83
인천광역시	2800	강화군	134583	64543	62743	1800	70040	시민당	143
인천광역시	2800	옹진군	14167	8919	8613	306	5248	시민당	24
인천광역시	2800	중구	70398	29423	28816	607	40975	신미래당	20
인천광역시	2800	동구	59084	27609	26954	655	31475	신미래당	26
인천광역시	2800	남구	327790	134088	131877	2211	193702	신미래당	79
인천광역시	2800	연수구	195237	85197	84162	1035	110040	신미래당	50
인천광역시	2800	남동구	324749	136889	134951	1938	187860	신미래당	82
인천광역시	2800	부평구	431169	179154	176782	2372	252015	신미래당	77
인천광역시	2800	계양구	249250	107119	105946	1173	142131	신미래당	52
인천광역시	2800	서구	212272	85289	83964	1325	126983	신미래당	47
인천광역시	2800	강화군	134583	64543	62743	1800	70040	신미래당	67
인천광역시	2800	옹진군	14167	8919	8613	306	5248	신미래당	5
인천광역시	2800	중구	70398	29423	28816	607	40975	직능연합당	19
인천광역시	2800	동구	59084	27609	26954	655	31475	직능연합당	19
인천광역시	2800	남구	327790	134088	131877	2211	193702	직능연합당	93
인천광역시	2800	연수구	195237	85197	84162	1035	110040	직능연합당	38
인천광역시	2800	남동구	324749	136889	134951	1938	187860	직능연합당	81
인천광역시	2800	부평구	431169	179154	176782	2372	252015	직능연합당	99
인천광역시	2800	계양구	249250	107119	105946	1173	142131	직능연합당	65
인천광역시	2800	서구	212272	85289	83964	1325	126983	직능연합당	61
인천광역시	2800	강화군	134583	64543	62743	1800	70040	직능연합당	66
인천광역시	2800	옹진군	14167	8919	8613	306	5248	직능연합당	9
인천광역시	2800	중구	70398	29423	28816	607	40975	진보신당	1076
인천광역시	2800	동구	59084	27609	26954	655	31475	진보신당	1453
인천광역시	2800	남구	327790	134088	131877	2211	193702	진보신당	3416
인천광역시	2800	연수구	195237	85197	84162	1035	110040	진보신당	3088
인천광역시	2800	남동구	324749	136889	134951	1938	187860	진보신당	3905
인천광역시	2800	부평구	431169	179154	176782	2372	252015	진보신당	5609
인천광역시	2800	계양구	249250	107119	105946	1173	142131	진보신당	3168
인천광역시	2800	서구	212272	85289	83964	1325	126983	진보신당	3252
인천광역시	2800	강화군	134583	64543	62743	1800	70040	진보신당	1836
인천광역시	2800	옹진군	14167	8919	8613	306	5248	진보신당	109
인천광역시	2800	중구	70398	29423	28816	607	40975	평화통일가정당	239
인천광역시	2800	동구	59084	27609	26954	655	31475	평화통일가정당	282
인천광역시	2800	남구	327790	134088	131877	2211	193702	평화통일가정당	1019
인천광역시	2800	연수구	195237	85197	84162	1035	110040	평화통일가정당	527
인천광역시	2800	남동구	324749	136889	134951	1938	187860	평화통일가정당	1421
인천광역시	2800	부평구	431169	179154	176782	2372	252015	평화통일가정당	1228
인천광역시	2800	계양구	249250	107119	105946	1173	142131	평화통일가정당	950
인천광역시	2800	서구	212272	85289	83964	1325	126983	평화통일가정당	769
인천광역시	2800	강화군	134583	64543	62743	1800	70040	평화통일가정당	638
인천광역시	2800	옹진군	14167	8919	8613	306	5248	평화통일가정당	75
인천광역시	2800	중구	70398	29423	28816	607	40975	한국사회당	54
인천광역시	2800	동구	59084	27609	26954	655	31475	한국사회당	65
인천광역시	2800	남구	327790	134088	131877	2211	193702	한국사회당	176
인천광역시	2800	연수구	195237	85197	84162	1035	110040	한국사회당	78
인천광역시	2800	남동구	324749	136889	134951	1938	187860	한국사회당	160
인천광역시	2800	부평구	431169	179154	176782	2372	252015	한국사회당	205
인천광역시	2800	계양구	249250	107119	105946	1173	142131	한국사회당	111
인천광역시	2800	서구	212272	85289	83964	1325	126983	한국사회당	115
인천광역시	2800	강화군	134583	64543	62743	1800	70040	한국사회당	187
인천광역시	2800	옹진군	14167	8919	8613	306	5248	한국사회당	45
광주광역시	2900	동구	89403	39468	39000	468	49935	통합민주당	29103
광주광역시	2900	서구	221647	91463	90575	888	130184	통합민주당	63903
광주광역시	2900	남구	161077	75238	74076	1162	85839	통합민주당	52844
광주광역시	2900	북구	346047	138068	136549	1519	207979	통합민주당	97415
광주광역시	2900	광산구	216219	94141	92750	1391	122078	통합민주당	61524
광주광역시	2900	동구	89403	39468	39000	468	49935	한나라당	2851
광주광역시	2900	서구	221647	91463	90575	888	130184	한나라당	5803
광주광역시	2900	남구	161077	75238	74076	1162	85839	한나라당	4466
광주광역시	2900	북구	346047	138068	136549	1519	207979	한나라당	7665
광주광역시	2900	광산구	216219	94141	92750	1391	122078	한나라당	4766
광주광역시	2900	동구	89403	39468	39000	468	49935	자유선진당	528
광주광역시	2900	서구	221647	91463	90575	888	130184	자유선진당	784
광주광역시	2900	남구	161077	75238	74076	1162	85839	자유선진당	742
광주광역시	2900	북구	346047	138068	136549	1519	207979	자유선진당	1283
광주광역시	2900	광산구	216219	94141	92750	1391	122078	자유선진당	711
광주광역시	2900	동구	89403	39468	39000	468	49935	민주노동당	2010
광주광역시	2900	서구	221647	91463	90575	888	130184	민주노동당	8143
광주광역시	2900	남구	161077	75238	74076	1162	85839	민주노동당	5212
광주광역시	2900	북구	346047	138068	136549	1519	207979	민주노동당	12031
광주광역시	2900	광산구	216219	94141	92750	1391	122078	민주노동당	13154
광주광역시	2900	동구	89403	39468	39000	468	49935	창조한국당	1424
광주광역시	2900	서구	221647	91463	90575	888	130184	창조한국당	3677
광주광역시	2900	남구	161077	75238	74076	1162	85839	창조한국당	2597
광주광역시	2900	북구	346047	138068	136549	1519	207979	창조한국당	5827
광주광역시	2900	광산구	216219	94141	92750	1391	122078	창조한국당	3392
광주광역시	2900	동구	89403	39468	39000	468	49935	친박연대	545
광주광역시	2900	서구	221647	91463	90575	888	130184	친박연대	1177
광주광역시	2900	남구	161077	75238	74076	1162	85839	친박연대	1017
광주광역시	2900	북구	346047	138068	136549	1519	207979	친박연대	1714
광주광역시	2900	광산구	216219	94141	92750	1391	122078	친박연대	1142
광주광역시	2900	동구	89403	39468	39000	468	49935	국민실향안보당	33
광주광역시	2900	서구	221647	91463	90575	888	130184	국민실향안보당	87
광주광역시	2900	남구	161077	75238	74076	1162	85839	국민실향안보당	196
광주광역시	2900	북구	346047	138068	136549	1519	207979	국민실향안보당	155
광주광역시	2900	광산구	216219	94141	92750	1391	122078	국민실향안보당	1172
광주광역시	2900	동구	89403	39468	39000	468	49935	기독당	1001
광주광역시	2900	서구	221647	91463	90575	888	130184	기독당	2825
광주광역시	2900	남구	161077	75238	74076	1162	85839	기독당	4083
광주광역시	2900	북구	346047	138068	136549	1519	207979	기독당	4993
광주광역시	2900	광산구	216219	94141	92750	1391	122078	기독당	2751
광주광역시	2900	동구	89403	39468	39000	468	49935	문화예술당	46
광주광역시	2900	서구	221647	91463	90575	888	130184	문화예술당	113
광주광역시	2900	남구	161077	75238	74076	1162	85839	문화예술당	157
광주광역시	2900	북구	346047	138068	136549	1519	207979	문화예술당	198
광주광역시	2900	광산구	216219	94141	92750	1391	122078	문화예술당	139
광주광역시	2900	동구	89403	39468	39000	468	49935	시민당	20
광주광역시	2900	서구	221647	91463	90575	888	130184	시민당	51
광주광역시	2900	남구	161077	75238	74076	1162	85839	시민당	124
광주광역시	2900	북구	346047	138068	136549	1519	207979	시민당	78
광주광역시	2900	광산구	216219	94141	92750	1391	122078	시민당	110
광주광역시	2900	동구	89403	39468	39000	468	49935	신미래당	16
광주광역시	2900	서구	221647	91463	90575	888	130184	신미래당	27
광주광역시	2900	남구	161077	75238	74076	1162	85839	신미래당	47
광주광역시	2900	북구	346047	138068	136549	1519	207979	신미래당	53
광주광역시	2900	광산구	216219	94141	92750	1391	122078	신미래당	44
광주광역시	2900	동구	89403	39468	39000	468	49935	직능연합당	41
광주광역시	2900	서구	221647	91463	90575	888	130184	직능연합당	51
광주광역시	2900	남구	161077	75238	74076	1162	85839	직능연합당	100
광주광역시	2900	북구	346047	138068	136549	1519	207979	직능연합당	143
광주광역시	2900	광산구	216219	94141	92750	1391	122078	직능연합당	81
광주광역시	2900	동구	89403	39468	39000	468	49935	진보신당	806
광주광역시	2900	서구	221647	91463	90575	888	130184	진보신당	2867
광주광역시	2900	남구	161077	75238	74076	1162	85839	진보신당	1496
광주광역시	2900	북구	346047	138068	136549	1519	207979	진보신당	3550
광주광역시	2900	광산구	216219	94141	92750	1391	122078	진보신당	2432
광주광역시	2900	동구	89403	39468	39000	468	49935	평화통일가정당	512
광주광역시	2900	서구	221647	91463	90575	888	130184	평화통일가정당	936
광주광역시	2900	남구	161077	75238	74076	1162	85839	평화통일가정당	822
광주광역시	2900	북구	346047	138068	136549	1519	207979	평화통일가정당	1229
광주광역시	2900	광산구	216219	94141	92750	1391	122078	평화통일가정당	1118
광주광역시	2900	동구	89403	39468	39000	468	49935	한국사회당	64
광주광역시	2900	서구	221647	91463	90575	888	130184	한국사회당	131
광주광역시	2900	남구	161077	75238	74076	1162	85839	한국사회당	173
광주광역시	2900	북구	346047	138068	136549	1519	207979	한국사회당	215
광주광역시	2900	광산구	216219	94141	92750	1391	122078	한국사회당	214
대전광역시	3000	동구	191688	84718	83470	1248	106970	통합민주당	15786
대전광역시	3000	중구	204253	95097	93797	1300	109156	통합민주당	13355
대전광역시	3000	서구	367778	165081	163303	1778	202697	통합민주당	33664
대전광역시	3000	유성구	180520	82900	82043	857	97620	통합민주당	15147
대전광역시	3000	대덕구	157060	71410	70456	954	85650	통합민주당	13825
대전광역시	3000	동구	191688	84718	83470	1248	106970	한나라당	19566
대전광역시	3000	중구	204253	95097	93797	1300	109156	한나라당	25442
대전광역시	3000	서구	367778	165081	163303	1778	202697	한나라당	38115
대전광역시	3000	유성구	180520	82900	82043	857	97620	한나라당	21001
대전광역시	3000	대덕구	157060	71410	70456	954	85650	한나라당	18096
대전광역시	3000	동구	191688	84718	83470	1248	106970	자유선진당	32369
대전광역시	3000	중구	204253	95097	93797	1300	109156	자유선진당	36979
대전광역시	3000	서구	367778	165081	163303	1778	202697	자유선진당	53734
대전광역시	3000	유성구	180520	82900	82043	857	97620	자유선진당	23220
대전광역시	3000	대덕구	157060	71410	70456	954	85650	자유선진당	23056
대전광역시	3000	동구	191688	84718	83470	1248	106970	민주노동당	3492
대전광역시	3000	중구	204253	95097	93797	1300	109156	민주노동당	3162
대전광역시	3000	서구	367778	165081	163303	1778	202697	민주노동당	5201
대전광역시	3000	유성구	180520	82900	82043	857	97620	민주노동당	3424
대전광역시	3000	대덕구	157060	71410	70456	954	85650	민주노동당	3830
대전광역시	3000	동구	191688	84718	83470	1248	106970	창조한국당	2381
대전광역시	3000	중구	204253	95097	93797	1300	109156	창조한국당	2895
대전광역시	3000	서구	367778	165081	163303	1778	202697	창조한국당	6036
대전광역시	3000	유성구	180520	82900	82043	857	97620	창조한국당	4526
대전광역시	3000	대덕구	157060	71410	70456	954	85650	창조한국당	2213
대전광역시	3000	동구	191688	84718	83470	1248	106970	친박연대	5818
대전광역시	3000	중구	204253	95097	93797	1300	109156	친박연대	7086
대전광역시	3000	서구	367778	165081	163303	1778	202697	친박연대	16673
대전광역시	3000	유성구	180520	82900	82043	857	97620	친박연대	8036
대전광역시	3000	대덕구	157060	71410	70456	954	85650	친박연대	5057
대전광역시	3000	동구	191688	84718	83470	1248	106970	국민실향안보당	79
대전광역시	3000	중구	204253	95097	93797	1300	109156	국민실향안보당	92
대전광역시	3000	서구	367778	165081	163303	1778	202697	국민실향안보당	176
대전광역시	3000	유성구	180520	82900	82043	857	97620	국민실향안보당	103
대전광역시	3000	대덕구	157060	71410	70456	954	85650	국민실향안보당	75
대전광역시	3000	동구	191688	84718	83470	1248	106970	기독당	1772
대전광역시	3000	중구	204253	95097	93797	1300	109156	기독당	2290
대전광역시	3000	서구	367778	165081	163303	1778	202697	기독당	4840
대전광역시	3000	유성구	180520	82900	82043	857	97620	기독당	2921
대전광역시	3000	대덕구	157060	71410	70456	954	85650	기독당	2236
대전광역시	3000	동구	191688	84718	83470	1248	106970	문화예술당	90
대전광역시	3000	중구	204253	95097	93797	1300	109156	문화예술당	116
대전광역시	3000	서구	367778	165081	163303	1778	202697	문화예술당	173
대전광역시	3000	유성구	180520	82900	82043	857	97620	문화예술당	91
대전광역시	3000	대덕구	157060	71410	70456	954	85650	문화예술당	81
대전광역시	3000	동구	191688	84718	83470	1248	106970	시민당	84
대전광역시	3000	중구	204253	95097	93797	1300	109156	시민당	68
대전광역시	3000	서구	367778	165081	163303	1778	202697	시민당	103
대전광역시	3000	유성구	180520	82900	82043	857	97620	시민당	70
대전광역시	3000	대덕구	157060	71410	70456	954	85650	시민당	55
대전광역시	3000	동구	191688	84718	83470	1248	106970	신미래당	59
대전광역시	3000	중구	204253	95097	93797	1300	109156	신미래당	42
대전광역시	3000	서구	367778	165081	163303	1778	202697	신미래당	77
대전광역시	3000	유성구	180520	82900	82043	857	97620	신미래당	35
대전광역시	3000	대덕구	157060	71410	70456	954	85650	신미래당	24
대전광역시	3000	동구	191688	84718	83470	1248	106970	직능연합당	56
대전광역시	3000	중구	204253	95097	93797	1300	109156	직능연합당	45
대전광역시	3000	서구	367778	165081	163303	1778	202697	직능연합당	69
대전광역시	3000	유성구	180520	82900	82043	857	97620	직능연합당	36
대전광역시	3000	대덕구	157060	71410	70456	954	85650	직능연합당	35
대전광역시	3000	동구	191688	84718	83470	1248	106970	진보신당	1206
대전광역시	3000	중구	204253	95097	93797	1300	109156	진보신당	1451
대전광역시	3000	서구	367778	165081	163303	1778	202697	진보신당	3336
대전광역시	3000	유성구	180520	82900	82043	857	97620	진보신당	2885
대전광역시	3000	대덕구	157060	71410	70456	954	85650	진보신당	1066
대전광역시	3000	동구	191688	84718	83470	1248	106970	평화통일가정당	609
대전광역시	3000	중구	204253	95097	93797	1300	109156	평화통일가정당	682
대전광역시	3000	서구	367778	165081	163303	1778	202697	평화통일가정당	936
대전광역시	3000	유성구	180520	82900	82043	857	97620	평화통일가정당	454
대전광역시	3000	대덕구	157060	71410	70456	954	85650	평화통일가정당	731
대전광역시	3000	동구	191688	84718	83470	1248	106970	한국사회당	103
대전광역시	3000	중구	204253	95097	93797	1300	109156	한국사회당	92
대전광역시	3000	서구	367778	165081	163303	1778	202697	한국사회당	170
대전광역시	3000	유성구	180520	82900	82043	857	97620	한국사회당	94
대전광역시	3000	대덕구	157060	71410	70456	954	85650	한국사회당	76
울산광역시	3100	중구	177629	75535	74821	714	102094	통합민주당	7154
울산광역시	3100	남구	250982	109114	108146	968	141868	통합민주당	9653
울산광역시	3100	동구	135389	64612	63910	702	70777	통합민주당	7140
울산광역시	3100	북구	110077	52642	52116	526	57435	통합민주당	3788
울산광역시	3100	울주군	138616	69927	68320	1607	68689	통합민주당	6560
울산광역시	3100	중구	177629	75535	74821	714	102094	한나라당	32915
울산광역시	3100	남구	250982	109114	108146	968	141868	한나라당	47683
울산광역시	3100	동구	135389	64612	63910	702	70777	한나라당	26729
울산광역시	3100	북구	110077	52642	52116	526	57435	한나라당	18872
울산광역시	3100	울주군	138616	69927	68320	1607	68689	한나라당	31254
울산광역시	3100	중구	177629	75535	74821	714	102094	자유선진당	2581
울산광역시	3100	남구	250982	109114	108146	968	141868	자유선진당	4091
울산광역시	3100	동구	135389	64612	63910	702	70777	자유선진당	1754
울산광역시	3100	북구	110077	52642	52116	526	57435	자유선진당	1335
울산광역시	3100	울주군	138616	69927	68320	1607	68689	자유선진당	2621
울산광역시	3100	중구	177629	75535	74821	714	102094	민주노동당	10280
울산광역시	3100	남구	250982	109114	108146	968	141868	민주노동당	14536
울산광역시	3100	동구	135389	64612	63910	702	70777	민주노동당	8991
울산광역시	3100	북구	110077	52642	52116	526	57435	민주노동당	12304
울산광역시	3100	울주군	138616	69927	68320	1607	68689	민주노동당	6197
울산광역시	3100	중구	177629	75535	74821	714	102094	창조한국당	2499
울산광역시	3100	남구	250982	109114	108146	968	141868	창조한국당	4239
울산광역시	3100	동구	135389	64612	63910	702	70777	창조한국당	1902
울산광역시	3100	북구	110077	52642	52116	526	57435	창조한국당	1570
울산광역시	3100	울주군	138616	69927	68320	1607	68689	창조한국당	2589
울산광역시	3100	중구	177629	75535	74821	714	102094	친박연대	14862
울산광역시	3100	남구	250982	109114	108146	968	141868	친박연대	21565
울산광역시	3100	동구	135389	64612	63910	702	70777	친박연대	9781
울산광역시	3100	북구	110077	52642	52116	526	57435	친박연대	9575
울산광역시	3100	울주군	138616	69927	68320	1607	68689	친박연대	12945
울산광역시	3100	중구	177629	75535	74821	714	102094	국민실향안보당	71
울산광역시	3100	남구	250982	109114	108146	968	141868	국민실향안보당	207
울산광역시	3100	동구	135389	64612	63910	702	70777	국민실향안보당	332
울산광역시	3100	북구	110077	52642	52116	526	57435	국민실향안보당	61
울산광역시	3100	울주군	138616	69927	68320	1607	68689	국민실향안보당	1172
울산광역시	3100	중구	177629	75535	74821	714	102094	기독당	1132
울산광역시	3100	남구	250982	109114	108146	968	141868	기독당	1448
울산광역시	3100	동구	135389	64612	63910	702	70777	기독당	992
울산광역시	3100	북구	110077	52642	52116	526	57435	기독당	796
울산광역시	3100	울주군	138616	69927	68320	1607	68689	기독당	1723
울산광역시	3100	중구	177629	75535	74821	714	102094	문화예술당	109
울산광역시	3100	남구	250982	109114	108146	968	141868	문화예술당	136
울산광역시	3100	동구	135389	64612	63910	702	70777	문화예술당	87
울산광역시	3100	북구	110077	52642	52116	526	57435	문화예술당	50
울산광역시	3100	울주군	138616	69927	68320	1607	68689	문화예술당	171
울산광역시	3100	중구	177629	75535	74821	714	102094	시민당	70
울산광역시	3100	남구	250982	109114	108146	968	141868	시민당	84
울산광역시	3100	동구	135389	64612	63910	702	70777	시민당	65
울산광역시	3100	북구	110077	52642	52116	526	57435	시민당	41
울산광역시	3100	울주군	138616	69927	68320	1607	68689	시민당	145
울산광역시	3100	중구	177629	75535	74821	714	102094	신미래당	42
울산광역시	3100	남구	250982	109114	108146	968	141868	신미래당	67
울산광역시	3100	동구	135389	64612	63910	702	70777	신미래당	40
울산광역시	3100	북구	110077	52642	52116	526	57435	신미래당	32
울산광역시	3100	울주군	138616	69927	68320	1607	68689	신미래당	68
울산광역시	3100	중구	177629	75535	74821	714	102094	직능연합당	57
울산광역시	3100	남구	250982	109114	108146	968	141868	직능연합당	55
울산광역시	3100	동구	135389	64612	63910	702	70777	직능연합당	27
울산광역시	3100	북구	110077	52642	52116	526	57435	직능연합당	34
울산광역시	3100	울주군	138616	69927	68320	1607	68689	직능연합당	62
울산광역시	3100	중구	177629	75535	74821	714	102094	진보신당	2334
울산광역시	3100	남구	250982	109114	108146	968	141868	진보신당	3424
울산광역시	3100	동구	135389	64612	63910	702	70777	진보신당	5443
울산광역시	3100	북구	110077	52642	52116	526	57435	진보신당	3334
울산광역시	3100	울주군	138616	69927	68320	1607	68689	진보신당	1863
울산광역시	3100	중구	177629	75535	74821	714	102094	평화통일가정당	633
울산광역시	3100	남구	250982	109114	108146	968	141868	평화통일가정당	828
울산광역시	3100	동구	135389	64612	63910	702	70777	평화통일가정당	552
울산광역시	3100	북구	110077	52642	52116	526	57435	평화통일가정당	263
울산광역시	3100	울주군	138616	69927	68320	1607	68689	평화통일가정당	771
울산광역시	3100	중구	177629	75535	74821	714	102094	한국사회당	82
울산광역시	3100	남구	250982	109114	108146	968	141868	한국사회당	130
울산광역시	3100	동구	135389	64612	63910	702	70777	한국사회당	75
울산광역시	3100	북구	110077	52642	52116	526	57435	한국사회당	61
울산광역시	3100	울주군	138616	69927	68320	1607	68689	한국사회당	179
경기도	4100	수원시장안구	210021	91086	90093	993	118935	통합민주당	23136
경기도	4100	수원시권선구	228869	91865	91002	863	137004	통합민주당	24427
경기도	4100	수원시팔달구	169205	64838	63994	844	104367	통합민주당	15433
경기도	4100	수원시영통구	176153	82281	81684	597	93872	통합민주당	23148
경기도	4100	성남시수정구	201315	78046	77062	984	123269	통합민주당	24523
경기도	4100	성남시중원구	206957	81070	79996	1074	125887	통합민주당	25114
경기도	4100	성남시분당구	321494	147795	146769	1026	173699	통합민주당	31348
경기도	4100	의정부시	318676	138425	136888	1537	180251	통합민주당	40884
경기도	4100	안양시만안구	205122	93889	92972	917	111233	통합민주당	27629
경기도	4100	안양시동안구	263362	129840	128950	890	133522	통합민주당	37085
경기도	4100	부천시원미구	333760	140646	139146	1500	193114	통합민주당	39007
경기도	4100	부천시소사구	175130	75765	74884	881	99365	통합민주당	21452
경기도	4100	부천시오정구	145857	59217	58258	959	86640	통합민주당	19912
경기도	4100	광명시	236672	110500	109198	1302	126172	통합민주당	34932
경기도	4100	평택시	298658	136441	134048	2393	162217	통합민주당	35064
경기도	4100	양주시	134119	58162	57007	1155	75957	통합민주당	15613
경기도	4100	동두천시	68655	29940	29200	740	38715	통합민주당	8400
경기도	4100	안산시상록구	267886	107309	105942	1367	160577	통합민주당	29622
경기도	4100	안산시단원구	240172	95008	93863	1145	145164	통합민주당	29555
경기도	4100	고양시덕양구	283612	128576	127225	1351	155036	통합민주당	32495
경기도	4100	고양시일산동구	190339	86900	86221	679	103439	통합민주당	23144
경기도	4100	고양시일산서구	205367	96695	95909	786	108672	통합민주당	27120
경기도	4100	과천시	45915	24082	23853	229	21833	통합민주당	5157
경기도	4100	의왕시	102047	47270	46778	492	54777	통합민주당	12019
경기도	4100	구리시	145964	67898	67082	816	78066	통합민주당	18808
경기도	4100	남양주시	364272	160258	158020	2238	204014	통합민주당	44460
경기도	4100	오산시	105500	45008	44445	563	60492	통합민주당	12515
경기도	4100	화성시	284683	111093	109583	1510	173590	통합민주당	25163
경기도	4100	시흥시	277569	108606	107321	1285	168963	통합민주당	34586
경기도	4100	군포시	204940	98549	97538	1011	106391	통합민주당	28940
경기도	4100	하남시	107321	48936	48281	655	58385	통합민주당	13770
경기도	4100	파주시	229631	97699	95965	1734	131932	통합민주당	21280
경기도	4100	여주군	82472	40163	39218	945	42309	통합민주당	5248
경기도	4100	이천시	145057	62050	61092	958	83007	통합민주당	9926
경기도	4100	용인시처인구	152093	66480	65250	1230	85613	통합민주당	16565
경기도	4100	용인시수지구	214394	104656	103933	723	109738	통합민주당	21136
경기도	4100	용인시기흥구	219937	94402	93694	708	125535	통합민주당	21965
경기도	4100	안성시	126303	52559	51221	1338	73744	통합민주당	8040
경기도	4100	김포시	153364	68417	67542	875	84947	통합민주당	15134
경기도	4100	광주시	173590	69131	68255	876	104459	통합민주당	15413
경기도	4100	포천시	121600	56128	54615	1513	65472	통합민주당	10354
경기도	4100	연천군	36617	19060	18504	556	17557	통합민주당	4059
경기도	4100	양평군	71224	35050	34100	950	36174	통합민주당	5173
경기도	4100	가평군	44961	24896	24075	821	20065	통합민주당	5667
경기도	4100	수원시장안구	210021	91086	90093	993	118935	한나라당	34856
경기도	4100	수원시권선구	228869	91865	91002	863	137004	한나라당	33699
경기도	4100	수원시팔달구	169205	64838	63994	844	104367	한나라당	26598
경기도	4100	수원시영통구	176153	82281	81684	597	93872	한나라당	32815
경기도	4100	성남시수정구	201315	78046	77062	984	123269	한나라당	27382
경기도	4100	성남시중원구	206957	81070	79996	1074	125887	한나라당	28829
경기도	4100	성남시분당구	321494	147795	146769	1026	173699	한나라당	68761
경기도	4100	의정부시	318676	138425	136888	1537	180251	한나라당	56045
경기도	4100	안양시만안구	205122	93889	92972	917	111233	한나라당	35239
경기도	4100	안양시동안구	263362	129840	128950	890	133522	한나라당	50556
경기도	4100	부천시원미구	333760	140646	139146	1500	193114	한나라당	51827
경기도	4100	부천시소사구	175130	75765	74884	881	99365	한나라당	28551
경기도	4100	부천시오정구	145857	59217	58258	959	86640	한나라당	21556
경기도	4100	광명시	236672	110500	109198	1302	126172	한나라당	39963
경기도	4100	평택시	298658	136441	134048	2393	162217	한나라당	54282
경기도	4100	양주시	134119	58162	57007	1155	75957	한나라당	26219
경기도	4100	동두천시	68655	29940	29200	740	38715	한나라당	13874
경기도	4100	안산시상록구	267886	107309	105942	1367	160577	한나라당	38006
경기도	4100	안산시단원구	240172	95008	93863	1145	145164	한나라당	35728
경기도	4100	고양시덕양구	283612	128576	127225	1351	155036	한나라당	51393
경기도	4100	고양시일산동구	190339	86900	86221	679	103439	한나라당	37352
경기도	4100	고양시일산서구	205367	96695	95909	786	108672	한나라당	41046
경기도	4100	과천시	45915	24082	23853	229	21833	한나라당	10209
경기도	4100	의왕시	102047	47270	46778	492	54777	한나라당	18368
경기도	4100	구리시	145964	67898	67082	816	78066	한나라당	27931
경기도	4100	남양주시	364272	160258	158020	2238	204014	한나라당	65948
경기도	4100	오산시	105500	45008	44445	563	60492	한나라당	16413
경기도	4100	화성시	284683	111093	109583	1510	173590	한나라당	43429
경기도	4100	시흥시	277569	108606	107321	1285	168963	한나라당	40253
경기도	4100	군포시	204940	98549	97538	1011	106391	한나라당	37262
경기도	4100	하남시	107321	48936	48281	655	58385	한나라당	18710
경기도	4100	파주시	229631	97699	95965	1734	131932	한나라당	44441
경기도	4100	여주군	82472	40163	39218	945	42309	한나라당	17832
경기도	4100	이천시	145057	62050	61092	958	83007	한나라당	25919
경기도	4100	용인시처인구	152093	66480	65250	1230	85613	한나라당	26453
경기도	4100	용인시수지구	214394	104656	103933	723	109738	한나라당	48679
경기도	4100	용인시기흥구	219937	94402	93694	708	125535	한나라당	38794
경기도	4100	안성시	126303	52559	51221	1338	73744	한나라당	21395
경기도	4100	김포시	153364	68417	67542	875	84947	한나라당	30795
경기도	4100	광주시	173590	69131	68255	876	104459	한나라당	31135
경기도	4100	포천시	121600	56128	54615	1513	65472	한나라당	27230
경기도	4100	연천군	36617	19060	18504	556	17557	한나라당	8796
경기도	4100	양평군	71224	35050	34100	950	36174	한나라당	19441
경기도	4100	가평군	44961	24896	24075	821	20065	한나라당	11273
경기도	4100	수원시장안구	210021	91086	90093	993	118935	자유선진당	4677
경기도	4100	수원시권선구	228869	91865	91002	863	137004	자유선진당	5481
경기도	4100	수원시팔달구	169205	64838	63994	844	104367	자유선진당	3397
경기도	4100	수원시영통구	176153	82281	81684	597	93872	자유선진당	3958
경기도	4100	성남시수정구	201315	78046	77062	984	123269	자유선진당	3895
경기도	4100	성남시중원구	206957	81070	79996	1074	125887	자유선진당	2805
경기도	4100	성남시분당구	321494	147795	146769	1026	173699	자유선진당	6973
경기도	4100	의정부시	318676	138425	136888	1537	180251	자유선진당	5639
경기도	4100	안양시만안구	205122	93889	92972	917	111233	자유선진당	5701
경기도	4100	안양시동안구	263362	129840	128950	890	133522	자유선진당	6652
경기도	4100	부천시원미구	333760	140646	139146	1500	193114	자유선진당	7519
경기도	4100	부천시소사구	175130	75765	74884	881	99365	자유선진당	4708
경기도	4100	부천시오정구	145857	59217	58258	959	86640	자유선진당	2253
경기도	4100	광명시	236672	110500	109198	1302	126172	자유선진당	5710
경기도	4100	평택시	298658	136441	134048	2393	162217	자유선진당	5559
경기도	4100	양주시	134119	58162	57007	1155	75957	자유선진당	1785
경기도	4100	동두천시	68655	29940	29200	740	38715	자유선진당	808
경기도	4100	안산시상록구	267886	107309	105942	1367	160577	자유선진당	4485
경기도	4100	안산시단원구	240172	95008	93863	1145	145164	자유선진당	4108
경기도	4100	고양시덕양구	283612	128576	127225	1351	155036	자유선진당	5799
경기도	4100	고양시일산동구	190339	86900	86221	679	103439	자유선진당	3075
경기도	4100	고양시일산서구	205367	96695	95909	786	108672	자유선진당	4400
경기도	4100	과천시	45915	24082	23853	229	21833	자유선진당	1147
경기도	4100	의왕시	102047	47270	46778	492	54777	자유선진당	2455
경기도	4100	구리시	145964	67898	67082	816	78066	자유선진당	2633
경기도	4100	남양주시	364272	160258	158020	2238	204014	자유선진당	6049
경기도	4100	오산시	105500	45008	44445	563	60492	자유선진당	3791
경기도	4100	화성시	284683	111093	109583	1510	173590	자유선진당	4538
경기도	4100	시흥시	277569	108606	107321	1285	168963	자유선진당	4637
경기도	4100	군포시	204940	98549	97538	1011	106391	자유선진당	4763
경기도	4100	하남시	107321	48936	48281	655	58385	자유선진당	2648
경기도	4100	파주시	229631	97699	95965	1734	131932	자유선진당	3276
경기도	4100	여주군	82472	40163	39218	945	42309	자유선진당	1629
경기도	4100	이천시	145057	62050	61092	958	83007	자유선진당	4454
경기도	4100	용인시처인구	152093	66480	65250	1230	85613	자유선진당	2166
경기도	4100	용인시수지구	214394	104656	103933	723	109738	자유선진당	4395
경기도	4100	용인시기흥구	219937	94402	93694	708	125535	자유선진당	3794
경기도	4100	안성시	126303	52559	51221	1338	73744	자유선진당	6416
경기도	4100	김포시	153364	68417	67542	875	84947	자유선진당	3280
경기도	4100	광주시	173590	69131	68255	876	104459	자유선진당	3918
경기도	4100	포천시	121600	56128	54615	1513	65472	자유선진당	1741
경기도	4100	연천군	36617	19060	18504	556	17557	자유선진당	619
경기도	4100	양평군	71224	35050	34100	950	36174	자유선진당	1148
경기도	4100	가평군	44961	24896	24075	821	20065	자유선진당	798
경기도	4100	수원시장안구	210021	91086	90093	993	118935	민주노동당	4243
경기도	4100	수원시권선구	228869	91865	91002	863	137004	민주노동당	5175
경기도	4100	수원시팔달구	169205	64838	63994	844	104367	민주노동당	2719
경기도	4100	수원시영통구	176153	82281	81684	597	93872	민주노동당	3348
경기도	4100	성남시수정구	201315	78046	77062	984	123269	민주노동당	6073
경기도	4100	성남시중원구	206957	81070	79996	1074	125887	민주노동당	7916
경기도	4100	성남시분당구	321494	147795	146769	1026	173699	민주노동당	3601
경기도	4100	의정부시	318676	138425	136888	1537	180251	민주노동당	6748
경기도	4100	안양시만안구	205122	93889	92972	917	111233	민주노동당	5018
경기도	4100	안양시동안구	263362	129840	128950	890	133522	민주노동당	4332
경기도	4100	부천시원미구	333760	140646	139146	1500	193114	민주노동당	7651
경기도	4100	부천시소사구	175130	75765	74884	881	99365	민주노동당	4201
경기도	4100	부천시오정구	145857	59217	58258	959	86640	민주노동당	2480
경기도	4100	광명시	236672	110500	109198	1302	126172	민주노동당	5785
경기도	4100	평택시	298658	136441	134048	2393	162217	민주노동당	10061
경기도	4100	양주시	134119	58162	57007	1155	75957	민주노동당	2224
경기도	4100	동두천시	68655	29940	29200	740	38715	민주노동당	1019
경기도	4100	안산시상록구	267886	107309	105942	1367	160577	민주노동당	6086
경기도	4100	안산시단원구	240172	95008	93863	1145	145164	민주노동당	5690
경기도	4100	고양시덕양구	283612	128576	127225	1351	155036	민주노동당	5356
경기도	4100	고양시일산동구	190339	86900	86221	679	103439	민주노동당	2763
경기도	4100	고양시일산서구	205367	96695	95909	786	108672	민주노동당	2858
경기도	4100	과천시	45915	24082	23853	229	21833	민주노동당	780
경기도	4100	의왕시	102047	47270	46778	492	54777	민주노동당	1781
경기도	4100	구리시	145964	67898	67082	816	78066	민주노동당	2203
경기도	4100	남양주시	364272	160258	158020	2238	204014	민주노동당	6227
경기도	4100	오산시	105500	45008	44445	563	60492	민주노동당	2680
경기도	4100	화성시	284683	111093	109583	1510	173590	민주노동당	7559
경기도	4100	시흥시	277569	108606	107321	1285	168963	민주노동당	5339
경기도	4100	군포시	204940	98549	97538	1011	106391	민주노동당	4164
경기도	4100	하남시	107321	48936	48281	655	58385	민주노동당	1828
경기도	4100	파주시	229631	97699	95965	1734	131932	민주노동당	6488
경기도	4100	여주군	82472	40163	39218	945	42309	민주노동당	1974
경기도	4100	이천시	145057	62050	61092	958	83007	민주노동당	3182
경기도	4100	용인시처인구	152093	66480	65250	1230	85613	민주노동당	2441
경기도	4100	용인시수지구	214394	104656	103933	723	109738	민주노동당	2803
경기도	4100	용인시기흥구	219937	94402	93694	708	125535	민주노동당	4515
경기도	4100	안성시	126303	52559	51221	1338	73744	민주노동당	2865
경기도	4100	김포시	153364	68417	67542	875	84947	민주노동당	2344
경기도	4100	광주시	173590	69131	68255	876	104459	민주노동당	2244
경기도	4100	포천시	121600	56128	54615	1513	65472	민주노동당	2556
경기도	4100	연천군	36617	19060	18504	556	17557	민주노동당	688
경기도	4100	양평군	71224	35050	34100	950	36174	민주노동당	1073
경기도	4100	가평군	44961	24896	24075	821	20065	민주노동당	893
경기도	4100	수원시장안구	210021	91086	90093	993	118935	창조한국당	5104
경기도	4100	수원시권선구	228869	91865	91002	863	137004	창조한국당	4131
경기도	4100	수원시팔달구	169205	64838	63994	844	104367	창조한국당	3149
경기도	4100	수원시영통구	176153	82281	81684	597	93872	창조한국당	4586
경기도	4100	성남시수정구	201315	78046	77062	984	123269	창조한국당	2979
경기도	4100	성남시중원구	206957	81070	79996	1074	125887	창조한국당	2722
경기도	4100	성남시분당구	321494	147795	146769	1026	173699	창조한국당	6939
경기도	4100	의정부시	318676	138425	136888	1537	180251	창조한국당	5057
경기도	4100	안양시만안구	205122	93889	92972	917	111233	창조한국당	4298
경기도	4100	안양시동안구	263362	129840	128950	890	133522	창조한국당	6816
경기도	4100	부천시원미구	333760	140646	139146	1500	193114	창조한국당	7766
경기도	4100	부천시소사구	175130	75765	74884	881	99365	창조한국당	3482
경기도	4100	부천시오정구	145857	59217	58258	959	86640	창조한국당	2462
경기도	4100	광명시	236672	110500	109198	1302	126172	창조한국당	4894
경기도	4100	평택시	298658	136441	134048	2393	162217	창조한국당	4693
경기도	4100	양주시	134119	58162	57007	1155	75957	창조한국당	2017
경기도	4100	동두천시	68655	29940	29200	740	38715	창조한국당	829
경기도	4100	안산시상록구	267886	107309	105942	1367	160577	창조한국당	5047
경기도	4100	안산시단원구	240172	95008	93863	1145	145164	창조한국당	3906
경기도	4100	고양시덕양구	283612	128576	127225	1351	155036	창조한국당	5336
경기도	4100	고양시일산동구	190339	86900	86221	679	103439	창조한국당	3931
경기도	4100	고양시일산서구	205367	96695	95909	786	108672	창조한국당	4286
경기도	4100	과천시	45915	24082	23853	229	21833	창조한국당	1233
경기도	4100	의왕시	102047	47270	46778	492	54777	창조한국당	2595
경기도	4100	구리시	145964	67898	67082	816	78066	창조한국당	2674
경기도	4100	남양주시	364272	160258	158020	2238	204014	창조한국당	6605
경기도	4100	오산시	105500	45008	44445	563	60492	창조한국당	1905
경기도	4100	화성시	284683	111093	109583	1510	173590	창조한국당	5082
경기도	4100	시흥시	277569	108606	107321	1285	168963	창조한국당	4758
경기도	4100	군포시	204940	98549	97538	1011	106391	창조한국당	5500
경기도	4100	하남시	107321	48936	48281	655	58385	창조한국당	1901
경기도	4100	파주시	229631	97699	95965	1734	131932	창조한국당	3508
경기도	4100	여주군	82472	40163	39218	945	42309	창조한국당	1295
경기도	4100	이천시	145057	62050	61092	958	83007	창조한국당	2242
경기도	4100	용인시처인구	152093	66480	65250	1230	85613	창조한국당	2291
경기도	4100	용인시수지구	214394	104656	103933	723	109738	창조한국당	5006
경기도	4100	용인시기흥구	219937	94402	93694	708	125535	창조한국당	4915
경기도	4100	안성시	126303	52559	51221	1338	73744	창조한국당	1956
경기도	4100	김포시	153364	68417	67542	875	84947	창조한국당	2544
경기도	4100	광주시	173590	69131	68255	876	104459	창조한국당	2625
경기도	4100	포천시	121600	56128	54615	1513	65472	창조한국당	1726
경기도	4100	연천군	36617	19060	18504	556	17557	창조한국당	530
경기도	4100	양평군	71224	35050	34100	950	36174	창조한국당	1040
경기도	4100	가평군	44961	24896	24075	821	20065	창조한국당	740
경기도	4100	수원시장안구	210021	91086	90093	993	118935	친박연대	11326
경기도	4100	수원시권선구	228869	91865	91002	863	137004	친박연대	12083
경기도	4100	수원시팔달구	169205	64838	63994	844	104367	친박연대	8429
경기도	4100	수원시영통구	176153	82281	81684	597	93872	친박연대	8340
경기도	4100	성남시수정구	201315	78046	77062	984	123269	친박연대	7334
경기도	4100	성남시중원구	206957	81070	79996	1074	125887	친박연대	7609
경기도	4100	성남시분당구	321494	147795	146769	1026	173699	친박연대	19045
경기도	4100	의정부시	318676	138425	136888	1537	180251	친박연대	13171
경기도	4100	안양시만안구	205122	93889	92972	917	111233	친박연대	9155
경기도	4100	안양시동안구	263362	129840	128950	890	133522	친박연대	14556
경기도	4100	부천시원미구	333760	140646	139146	1500	193114	친박연대	14767
경기도	4100	부천시소사구	175130	75765	74884	881	99365	친박연대	6875
경기도	4100	부천시오정구	145857	59217	58258	959	86640	친박연대	5088
경기도	4100	광명시	236672	110500	109198	1302	126172	친박연대	9510
경기도	4100	평택시	298658	136441	134048	2393	162217	친박연대	15176
경기도	4100	양주시	134119	58162	57007	1155	75957	친박연대	5821
경기도	4100	동두천시	68655	29940	29200	740	38715	친박연대	2821
경기도	4100	안산시상록구	267886	107309	105942	1367	160577	친박연대	14226
경기도	4100	안산시단원구	240172	95008	93863	1145	145164	친박연대	9023
경기도	4100	고양시덕양구	283612	128576	127225	1351	155036	친박연대	12426
경기도	4100	고양시일산동구	190339	86900	86221	679	103439	친박연대	9115
경기도	4100	고양시일산서구	205367	96695	95909	786	108672	친박연대	9160
경기도	4100	과천시	45915	24082	23853	229	21833	친박연대	2695
경기도	4100	의왕시	102047	47270	46778	492	54777	친박연대	5579
경기도	4100	구리시	145964	67898	67082	816	78066	친박연대	6991
경기도	4100	남양주시	364272	160258	158020	2238	204014	친박연대	17753
경기도	4100	오산시	105500	45008	44445	563	60492	친박연대	4279
경기도	4100	화성시	284683	111093	109583	1510	173590	친박연대	15759
경기도	4100	시흥시	277569	108606	107321	1285	168963	친박연대	9845
경기도	4100	군포시	204940	98549	97538	1011	106391	친박연대	9579
경기도	4100	하남시	107321	48936	48281	655	58385	친박연대	5792
경기도	4100	파주시	229631	97699	95965	1734	131932	친박연대	10426
경기도	4100	여주군	82472	40163	39218	945	42309	친박연대	8528
경기도	4100	이천시	145057	62050	61092	958	83007	친박연대	10047
경기도	4100	용인시처인구	152093	66480	65250	1230	85613	친박연대	11427
경기도	4100	용인시수지구	214394	104656	103933	723	109738	친박연대	14459
경기도	4100	용인시기흥구	219937	94402	93694	708	125535	친박연대	12600
경기도	4100	안성시	126303	52559	51221	1338	73744	친박연대	6811
경기도	4100	김포시	153364	68417	67542	875	84947	친박연대	8980
경기도	4100	광주시	173590	69131	68255	876	104459	친박연대	7876
경기도	4100	포천시	121600	56128	54615	1513	65472	친박연대	6530
경기도	4100	연천군	36617	19060	18504	556	17557	친박연대	2230
경기도	4100	양평군	71224	35050	34100	950	36174	친박연대	4155
경기도	4100	가평군	44961	24896	24075	821	20065	친박연대	2497
경기도	4100	수원시장안구	210021	91086	90093	993	118935	국민실향안보당	107
경기도	4100	수원시권선구	228869	91865	91002	863	137004	국민실향안보당	141
경기도	4100	수원시팔달구	169205	64838	63994	844	104367	국민실향안보당	93
경기도	4100	수원시영통구	176153	82281	81684	597	93872	국민실향안보당	74
경기도	4100	성남시수정구	201315	78046	77062	984	123269	국민실향안보당	72
경기도	4100	성남시중원구	206957	81070	79996	1074	125887	국민실향안보당	100
경기도	4100	성남시분당구	321494	147795	146769	1026	173699	국민실향안보당	183
경기도	4100	의정부시	318676	138425	136888	1537	180251	국민실향안보당	184
경기도	4100	안양시만안구	205122	93889	92972	917	111233	국민실향안보당	95
경기도	4100	안양시동안구	263362	129840	128950	890	133522	국민실향안보당	147
경기도	4100	부천시원미구	333760	140646	139146	1500	193114	국민실향안보당	136
경기도	4100	부천시소사구	175130	75765	74884	881	99365	국민실향안보당	108
경기도	4100	부천시오정구	145857	59217	58258	959	86640	국민실향안보당	52
경기도	4100	광명시	236672	110500	109198	1302	126172	국민실향안보당	116
경기도	4100	평택시	298658	136441	134048	2393	162217	국민실향안보당	146
경기도	4100	양주시	134119	58162	57007	1155	75957	국민실향안보당	56
경기도	4100	동두천시	68655	29940	29200	740	38715	국민실향안보당	36
경기도	4100	안산시상록구	267886	107309	105942	1367	160577	국민실향안보당	162
경기도	4100	안산시단원구	240172	95008	93863	1145	145164	국민실향안보당	106
경기도	4100	고양시덕양구	283612	128576	127225	1351	155036	국민실향안보당	196
경기도	4100	고양시일산동구	190339	86900	86221	679	103439	국민실향안보당	125
경기도	4100	고양시일산서구	205367	96695	95909	786	108672	국민실향안보당	142
경기도	4100	과천시	45915	24082	23853	229	21833	국민실향안보당	43
경기도	4100	의왕시	102047	47270	46778	492	54777	국민실향안보당	102
경기도	4100	구리시	145964	67898	67082	816	78066	국민실향안보당	155
경기도	4100	남양주시	364272	160258	158020	2238	204014	국민실향안보당	226
경기도	4100	오산시	105500	45008	44445	563	60492	국민실향안보당	46
경기도	4100	화성시	284683	111093	109583	1510	173590	국민실향안보당	190
경기도	4100	시흥시	277569	108606	107321	1285	168963	국민실향안보당	86
경기도	4100	군포시	204940	98549	97538	1011	106391	국민실향안보당	90
경기도	4100	하남시	107321	48936	48281	655	58385	국민실향안보당	80
경기도	4100	파주시	229631	97699	95965	1734	131932	국민실향안보당	151
경기도	4100	여주군	82472	40163	39218	945	42309	국민실향안보당	104
경기도	4100	이천시	145057	62050	61092	958	83007	국민실향안보당	100
경기도	4100	용인시처인구	152093	66480	65250	1230	85613	국민실향안보당	85
경기도	4100	용인시수지구	214394	104656	103933	723	109738	국민실향안보당	465
경기도	4100	용인시기흥구	219937	94402	93694	708	125535	국민실향안보당	126
경기도	4100	안성시	126303	52559	51221	1338	73744	국민실향안보당	68
경기도	4100	김포시	153364	68417	67542	875	84947	국민실향안보당	97
경기도	4100	광주시	173590	69131	68255	876	104459	국민실향안보당	117
경기도	4100	포천시	121600	56128	54615	1513	65472	국민실향안보당	1090
경기도	4100	연천군	36617	19060	18504	556	17557	국민실향안보당	423
경기도	4100	양평군	71224	35050	34100	950	36174	국민실향안보당	74
경기도	4100	가평군	44961	24896	24075	821	20065	국민실향안보당	48
경기도	4100	수원시장안구	210021	91086	90093	993	118935	기독당	2241
경기도	4100	수원시권선구	228869	91865	91002	863	137004	기독당	2344
경기도	4100	수원시팔달구	169205	64838	63994	844	104367	기독당	1437
경기도	4100	수원시영통구	176153	82281	81684	597	93872	기독당	1553
경기도	4100	성남시수정구	201315	78046	77062	984	123269	기독당	1918
경기도	4100	성남시중원구	206957	81070	79996	1074	125887	기독당	2290
경기도	4100	성남시분당구	321494	147795	146769	1026	173699	기독당	2791
경기도	4100	의정부시	318676	138425	136888	1537	180251	기독당	2772
경기도	4100	안양시만안구	205122	93889	92972	917	111233	기독당	2275
경기도	4100	안양시동안구	263362	129840	128950	890	133522	기독당	2482
경기도	4100	부천시원미구	333760	140646	139146	1500	193114	기독당	4389
경기도	4100	부천시소사구	175130	75765	74884	881	99365	기독당	2497
경기도	4100	부천시오정구	145857	59217	58258	959	86640	기독당	2447
경기도	4100	광명시	236672	110500	109198	1302	126172	기독당	3543
경기도	4100	평택시	298658	136441	134048	2393	162217	기독당	4236
경기도	4100	양주시	134119	58162	57007	1155	75957	기독당	1308
경기도	4100	동두천시	68655	29940	29200	740	38715	기독당	495
경기도	4100	안산시상록구	267886	107309	105942	1367	160577	기독당	3746
경기도	4100	안산시단원구	240172	95008	93863	1145	145164	기독당	2331
경기도	4100	고양시덕양구	283612	128576	127225	1351	155036	기독당	3609
경기도	4100	고양시일산동구	190339	86900	86221	679	103439	기독당	1864
경기도	4100	고양시일산서구	205367	96695	95909	786	108672	기독당	1801
경기도	4100	과천시	45915	24082	23853	229	21833	기독당	483
경기도	4100	의왕시	102047	47270	46778	492	54777	기독당	1048
경기도	4100	구리시	145964	67898	67082	816	78066	기독당	1398
경기도	4100	남양주시	364272	160258	158020	2238	204014	기독당	4135
경기도	4100	오산시	105500	45008	44445	563	60492	기독당	1269
경기도	4100	화성시	284683	111093	109583	1510	173590	기독당	3228
경기도	4100	시흥시	277569	108606	107321	1285	168963	기독당	3688
경기도	4100	군포시	204940	98549	97538	1011	106391	기독당	2443
경기도	4100	하남시	107321	48936	48281	655	58385	기독당	1574
경기도	4100	파주시	229631	97699	95965	1734	131932	기독당	2380
경기도	4100	여주군	82472	40163	39218	945	42309	기독당	977
경기도	4100	이천시	145057	62050	61092	958	83007	기독당	2338
경기도	4100	용인시처인구	152093	66480	65250	1230	85613	기독당	1761
경기도	4100	용인시수지구	214394	104656	103933	723	109738	기독당	2167
경기도	4100	용인시기흥구	219937	94402	93694	708	125535	기독당	2476
경기도	4100	안성시	126303	52559	51221	1338	73744	기독당	1472
경기도	4100	김포시	153364	68417	67542	875	84947	기독당	1953
경기도	4100	광주시	173590	69131	68255	876	104459	기독당	2071
경기도	4100	포천시	121600	56128	54615	1513	65472	기독당	1364
경기도	4100	연천군	36617	19060	18504	556	17557	기독당	333
경기도	4100	양평군	71224	35050	34100	950	36174	기독당	629
경기도	4100	가평군	44961	24896	24075	821	20065	기독당	618
경기도	4100	수원시장안구	210021	91086	90093	993	118935	문화예술당	118
경기도	4100	수원시권선구	228869	91865	91002	863	137004	문화예술당	142
경기도	4100	수원시팔달구	169205	64838	63994	844	104367	문화예술당	93
경기도	4100	수원시영통구	176153	82281	81684	597	93872	문화예술당	96
경기도	4100	성남시수정구	201315	78046	77062	984	123269	문화예술당	233
경기도	4100	성남시중원구	206957	81070	79996	1074	125887	문화예술당	105
경기도	4100	성남시분당구	321494	147795	146769	1026	173699	문화예술당	148
경기도	4100	의정부시	318676	138425	136888	1537	180251	문화예술당	186
경기도	4100	안양시만안구	205122	93889	92972	917	111233	문화예술당	113
경기도	4100	안양시동안구	263362	129840	128950	890	133522	문화예술당	143
경기도	4100	부천시원미구	333760	140646	139146	1500	193114	문화예술당	171
경기도	4100	부천시소사구	175130	75765	74884	881	99365	문화예술당	98
경기도	4100	부천시오정구	145857	59217	58258	959	86640	문화예술당	69
경기도	4100	광명시	236672	110500	109198	1302	126172	문화예술당	126
경기도	4100	평택시	298658	136441	134048	2393	162217	문화예술당	164
경기도	4100	양주시	134119	58162	57007	1155	75957	문화예술당	69
경기도	4100	동두천시	68655	29940	29200	740	38715	문화예술당	31
경기도	4100	안산시상록구	267886	107309	105942	1367	160577	문화예술당	208
경기도	4100	안산시단원구	240172	95008	93863	1145	145164	문화예술당	125
경기도	4100	고양시덕양구	283612	128576	127225	1351	155036	문화예술당	154
경기도	4100	고양시일산동구	190339	86900	86221	679	103439	문화예술당	118
경기도	4100	고양시일산서구	205367	96695	95909	786	108672	문화예술당	88
경기도	4100	과천시	45915	24082	23853	229	21833	문화예술당	27
경기도	4100	의왕시	102047	47270	46778	492	54777	문화예술당	56
경기도	4100	구리시	145964	67898	67082	816	78066	문화예술당	72
경기도	4100	남양주시	364272	160258	158020	2238	204014	문화예술당	172
경기도	4100	오산시	105500	45008	44445	563	60492	문화예술당	54
경기도	4100	화성시	284683	111093	109583	1510	173590	문화예술당	155
경기도	4100	시흥시	277569	108606	107321	1285	168963	문화예술당	143
경기도	4100	군포시	204940	98549	97538	1011	106391	문화예술당	116
경기도	4100	하남시	107321	48936	48281	655	58385	문화예술당	79
경기도	4100	파주시	229631	97699	95965	1734	131932	문화예술당	146
경기도	4100	여주군	82472	40163	39218	945	42309	문화예술당	136
경기도	4100	이천시	145057	62050	61092	958	83007	문화예술당	399
경기도	4100	용인시처인구	152093	66480	65250	1230	85613	문화예술당	96
경기도	4100	용인시수지구	214394	104656	103933	723	109738	문화예술당	112
경기도	4100	용인시기흥구	219937	94402	93694	708	125535	문화예술당	75
경기도	4100	안성시	126303	52559	51221	1338	73744	문화예술당	97
경기도	4100	김포시	153364	68417	67542	875	84947	문화예술당	67
경기도	4100	광주시	173590	69131	68255	876	104459	문화예술당	94
경기도	4100	포천시	121600	56128	54615	1513	65472	문화예술당	128
경기도	4100	연천군	36617	19060	18504	556	17557	문화예술당	29
경기도	4100	양평군	71224	35050	34100	950	36174	문화예술당	54
경기도	4100	가평군	44961	24896	24075	821	20065	문화예술당	51
경기도	4100	수원시장안구	210021	91086	90093	993	118935	시민당	41
경기도	4100	수원시권선구	228869	91865	91002	863	137004	시민당	53
경기도	4100	수원시팔달구	169205	64838	63994	844	104367	시민당	34
경기도	4100	수원시영통구	176153	82281	81684	597	93872	시민당	42
경기도	4100	성남시수정구	201315	78046	77062	984	123269	시민당	89
경기도	4100	성남시중원구	206957	81070	79996	1074	125887	시민당	67
경기도	4100	성남시분당구	321494	147795	146769	1026	173699	시민당	46
경기도	4100	의정부시	318676	138425	136888	1537	180251	시민당	59
경기도	4100	안양시만안구	205122	93889	92972	917	111233	시민당	51
경기도	4100	안양시동안구	263362	129840	128950	890	133522	시민당	48
경기도	4100	부천시원미구	333760	140646	139146	1500	193114	시민당	96
경기도	4100	부천시소사구	175130	75765	74884	881	99365	시민당	47
경기도	4100	부천시오정구	145857	59217	58258	959	86640	시민당	26
경기도	4100	광명시	236672	110500	109198	1302	126172	시민당	60
경기도	4100	평택시	298658	136441	134048	2393	162217	시민당	110
경기도	4100	양주시	134119	58162	57007	1155	75957	시민당	45
경기도	4100	동두천시	68655	29940	29200	740	38715	시민당	27
경기도	4100	안산시상록구	267886	107309	105942	1367	160577	시민당	127
경기도	4100	안산시단원구	240172	95008	93863	1145	145164	시민당	86
경기도	4100	고양시덕양구	283612	128576	127225	1351	155036	시민당	74
경기도	4100	고양시일산동구	190339	86900	86221	679	103439	시민당	39
경기도	4100	고양시일산서구	205367	96695	95909	786	108672	시민당	31
경기도	4100	과천시	45915	24082	23853	229	21833	시민당	13
경기도	4100	의왕시	102047	47270	46778	492	54777	시민당	20
경기도	4100	구리시	145964	67898	67082	816	78066	시민당	20
경기도	4100	남양주시	364272	160258	158020	2238	204014	시민당	103
경기도	4100	오산시	105500	45008	44445	563	60492	시민당	45
경기도	4100	화성시	284683	111093	109583	1510	173590	시민당	94
경기도	4100	시흥시	277569	108606	107321	1285	168963	시민당	78
경기도	4100	군포시	204940	98549	97538	1011	106391	시민당	44
경기도	4100	하남시	107321	48936	48281	655	58385	시민당	25
경기도	4100	파주시	229631	97699	95965	1734	131932	시민당	65
경기도	4100	여주군	82472	40163	39218	945	42309	시민당	70
경기도	4100	이천시	145057	62050	61092	958	83007	시민당	117
경기도	4100	용인시처인구	152093	66480	65250	1230	85613	시민당	59
경기도	4100	용인시수지구	214394	104656	103933	723	109738	시민당	36
경기도	4100	용인시기흥구	219937	94402	93694	708	125535	시민당	31
경기도	4100	안성시	126303	52559	51221	1338	73744	시민당	73
경기도	4100	김포시	153364	68417	67542	875	84947	시민당	49
경기도	4100	광주시	173590	69131	68255	876	104459	시민당	43
경기도	4100	포천시	121600	56128	54615	1513	65472	시민당	85
경기도	4100	연천군	36617	19060	18504	556	17557	시민당	32
경기도	4100	양평군	71224	35050	34100	950	36174	시민당	61
경기도	4100	가평군	44961	24896	24075	821	20065	시민당	49
경기도	4100	수원시장안구	210021	91086	90093	993	118935	신미래당	47
경기도	4100	수원시권선구	228869	91865	91002	863	137004	신미래당	34
경기도	4100	수원시팔달구	169205	64838	63994	844	104367	신미래당	35
경기도	4100	수원시영통구	176153	82281	81684	597	93872	신미래당	33
경기도	4100	성남시수정구	201315	78046	77062	984	123269	신미래당	40
경기도	4100	성남시중원구	206957	81070	79996	1074	125887	신미래당	38
경기도	4100	성남시분당구	321494	147795	146769	1026	173699	신미래당	43
경기도	4100	의정부시	318676	138425	136888	1537	180251	신미래당	53
경기도	4100	안양시만안구	205122	93889	92972	917	111233	신미래당	24
경기도	4100	안양시동안구	263362	129840	128950	890	133522	신미래당	45
경기도	4100	부천시원미구	333760	140646	139146	1500	193114	신미래당	58
경기도	4100	부천시소사구	175130	75765	74884	881	99365	신미래당	31
경기도	4100	부천시오정구	145857	59217	58258	959	86640	신미래당	25
경기도	4100	광명시	236672	110500	109198	1302	126172	신미래당	36
경기도	4100	평택시	298658	136441	134048	2393	162217	신미래당	70
경기도	4100	양주시	134119	58162	57007	1155	75957	신미래당	23
경기도	4100	동두천시	68655	29940	29200	740	38715	신미래당	21
경기도	4100	안산시상록구	267886	107309	105942	1367	160577	신미래당	84
경기도	4100	안산시단원구	240172	95008	93863	1145	145164	신미래당	40
경기도	4100	고양시덕양구	283612	128576	127225	1351	155036	신미래당	53
경기도	4100	고양시일산동구	190339	86900	86221	679	103439	신미래당	19
경기도	4100	고양시일산서구	205367	96695	95909	786	108672	신미래당	27
경기도	4100	과천시	45915	24082	23853	229	21833	신미래당	10
경기도	4100	의왕시	102047	47270	46778	492	54777	신미래당	13
경기도	4100	구리시	145964	67898	67082	816	78066	신미래당	28
경기도	4100	남양주시	364272	160258	158020	2238	204014	신미래당	64
경기도	4100	오산시	105500	45008	44445	563	60492	신미래당	22
경기도	4100	화성시	284683	111093	109583	1510	173590	신미래당	60
경기도	4100	시흥시	277569	108606	107321	1285	168963	신미래당	42
경기도	4100	군포시	204940	98549	97538	1011	106391	신미래당	31
경기도	4100	하남시	107321	48936	48281	655	58385	신미래당	25
경기도	4100	파주시	229631	97699	95965	1734	131932	신미래당	53
경기도	4100	여주군	82472	40163	39218	945	42309	신미래당	78
경기도	4100	이천시	145057	62050	61092	958	83007	신미래당	55
경기도	4100	용인시처인구	152093	66480	65250	1230	85613	신미래당	28
경기도	4100	용인시수지구	214394	104656	103933	723	109738	신미래당	27
경기도	4100	용인시기흥구	219937	94402	93694	708	125535	신미래당	29
경기도	4100	안성시	126303	52559	51221	1338	73744	신미래당	37
경기도	4100	김포시	153364	68417	67542	875	84947	신미래당	36
경기도	4100	광주시	173590	69131	68255	876	104459	신미래당	40
경기도	4100	포천시	121600	56128	54615	1513	65472	신미래당	59
경기도	4100	연천군	36617	19060	18504	556	17557	신미래당	24
경기도	4100	양평군	71224	35050	34100	950	36174	신미래당	30
경기도	4100	가평군	44961	24896	24075	821	20065	신미래당	26
경기도	4100	수원시장안구	210021	91086	90093	993	118935	직능연합당	59
경기도	4100	수원시권선구	228869	91865	91002	863	137004	직능연합당	41
경기도	4100	수원시팔달구	169205	64838	63994	844	104367	직능연합당	52
경기도	4100	수원시영통구	176153	82281	81684	597	93872	직능연합당	129
경기도	4100	성남시수정구	201315	78046	77062	984	123269	직능연합당	64
경기도	4100	성남시중원구	206957	81070	79996	1074	125887	직능연합당	34
경기도	4100	성남시분당구	321494	147795	146769	1026	173699	직능연합당	85
경기도	4100	의정부시	318676	138425	136888	1537	180251	직능연합당	162
경기도	4100	안양시만안구	205122	93889	92972	917	111233	직능연합당	114
경기도	4100	안양시동안구	263362	129840	128950	890	133522	직능연합당	82
경기도	4100	부천시원미구	333760	140646	139146	1500	193114	직능연합당	226
경기도	4100	부천시소사구	175130	75765	74884	881	99365	직능연합당	75
경기도	4100	부천시오정구	145857	59217	58258	959	86640	직능연합당	42
경기도	4100	광명시	236672	110500	109198	1302	126172	직능연합당	53
경기도	4100	평택시	298658	136441	134048	2393	162217	직능연합당	118
경기도	4100	양주시	134119	58162	57007	1155	75957	직능연합당	39
경기도	4100	동두천시	68655	29940	29200	740	38715	직능연합당	18
경기도	4100	안산시상록구	267886	107309	105942	1367	160577	직능연합당	83
경기도	4100	안산시단원구	240172	95008	93863	1145	145164	직능연합당	89
경기도	4100	고양시덕양구	283612	128576	127225	1351	155036	직능연합당	90
경기도	4100	고양시일산동구	190339	86900	86221	679	103439	직능연합당	52
경기도	4100	고양시일산서구	205367	96695	95909	786	108672	직능연합당	41
경기도	4100	과천시	45915	24082	23853	229	21833	직능연합당	27
경기도	4100	의왕시	102047	47270	46778	492	54777	직능연합당	25
경기도	4100	구리시	145964	67898	67082	816	78066	직능연합당	80
경기도	4100	남양주시	364272	160258	158020	2238	204014	직능연합당	184
경기도	4100	오산시	105500	45008	44445	563	60492	직능연합당	14
경기도	4100	화성시	284683	111093	109583	1510	173590	직능연합당	67
경기도	4100	시흥시	277569	108606	107321	1285	168963	직능연합당	75
경기도	4100	군포시	204940	98549	97538	1011	106391	직능연합당	64
경기도	4100	하남시	107321	48936	48281	655	58385	직능연합당	82
경기도	4100	파주시	229631	97699	95965	1734	131932	직능연합당	69
경기도	4100	여주군	82472	40163	39218	945	42309	직능연합당	46
경기도	4100	이천시	145057	62050	61092	958	83007	직능연합당	46
경기도	4100	용인시처인구	152093	66480	65250	1230	85613	직능연합당	62
경기도	4100	용인시수지구	214394	104656	103933	723	109738	직능연합당	38
경기도	4100	용인시기흥구	219937	94402	93694	708	125535	직능연합당	43
경기도	4100	안성시	126303	52559	51221	1338	73744	직능연합당	45
경기도	4100	김포시	153364	68417	67542	875	84947	직능연합당	92
경기도	4100	광주시	173590	69131	68255	876	104459	직능연합당	54
경기도	4100	포천시	121600	56128	54615	1513	65472	직능연합당	50
경기도	4100	연천군	36617	19060	18504	556	17557	직능연합당	15
경기도	4100	양평군	71224	35050	34100	950	36174	직능연합당	40
경기도	4100	가평군	44961	24896	24075	821	20065	직능연합당	78
경기도	4100	수원시장안구	210021	91086	90093	993	118935	진보신당	3330
경기도	4100	수원시권선구	228869	91865	91002	863	137004	진보신당	2579
경기도	4100	수원시팔달구	169205	64838	63994	844	104367	진보신당	1862
경기도	4100	수원시영통구	176153	82281	81684	597	93872	진보신당	3180
경기도	4100	성남시수정구	201315	78046	77062	984	123269	진보신당	1849
경기도	4100	성남시중원구	206957	81070	79996	1074	125887	진보신당	1701
경기도	4100	성남시분당구	321494	147795	146769	1026	173699	진보신당	5880
경기도	4100	의정부시	318676	138425	136888	1537	180251	진보신당	4894
경기도	4100	안양시만안구	205122	93889	92972	917	111233	진보신당	2486
경기도	4100	안양시동안구	263362	129840	128950	890	133522	진보신당	5103
경기도	4100	부천시원미구	333760	140646	139146	1500	193114	진보신당	4478
경기도	4100	부천시소사구	175130	75765	74884	881	99365	진보신당	2201
경기도	4100	부천시오정구	145857	59217	58258	959	86640	진보신당	1446
경기도	4100	광명시	236672	110500	109198	1302	126172	진보신당	3570
경기도	4100	평택시	298658	136441	134048	2393	162217	진보신당	3216
경기도	4100	양주시	134119	58162	57007	1155	75957	진보신당	1234
경기도	4100	동두천시	68655	29940	29200	740	38715	진보신당	548
경기도	4100	안산시상록구	267886	107309	105942	1367	160577	진보신당	3105
경기도	4100	안산시단원구	240172	95008	93863	1145	145164	진보신당	2345
경기도	4100	고양시덕양구	283612	128576	127225	1351	155036	진보신당	9241
경기도	4100	고양시일산동구	190339	86900	86221	679	103439	진보신당	4158
경기도	4100	고양시일산서구	205367	96695	95909	786	108672	진보신당	4369
경기도	4100	과천시	45915	24082	23853	229	21833	진보신당	1910
경기도	4100	의왕시	102047	47270	46778	492	54777	진보신당	2220
경기도	4100	구리시	145964	67898	67082	816	78066	진보신당	2533
경기도	4100	남양주시	364272	160258	158020	2238	204014	진보신당	4461
경기도	4100	오산시	105500	45008	44445	563	60492	진보신당	1062
경기도	4100	화성시	284683	111093	109583	1510	173590	진보신당	3201
경기도	4100	시흥시	277569	108606	107321	1285	168963	진보신당	2888
경기도	4100	군포시	204940	98549	97538	1011	106391	진보신당	3859
경기도	4100	하남시	107321	48936	48281	655	58385	진보신당	1292
경기도	4100	파주시	229631	97699	95965	1734	131932	진보신당	2622
경기도	4100	여주군	82472	40163	39218	945	42309	진보신당	707
경기도	4100	이천시	145057	62050	61092	958	83007	진보신당	1150
경기도	4100	용인시처인구	152093	66480	65250	1230	85613	진보신당	1243
경기도	4100	용인시수지구	214394	104656	103933	723	109738	진보신당	4209
경기도	4100	용인시기흥구	219937	94402	93694	708	125535	진보신당	3746
경기도	4100	안성시	126303	52559	51221	1338	73744	진보신당	1170
경기도	4100	김포시	153364	68417	67542	875	84947	진보신당	1726
경기도	4100	광주시	173590	69131	68255	876	104459	진보신당	1534
경기도	4100	포천시	121600	56128	54615	1513	65472	진보신당	889
경기도	4100	연천군	36617	19060	18504	556	17557	진보신당	295
경기도	4100	양평군	71224	35050	34100	950	36174	진보신당	607
경기도	4100	가평군	44961	24896	24075	821	20065	진보신당	287
경기도	4100	수원시장안구	210021	91086	90093	993	118935	평화통일가정당	716
경기도	4100	수원시권선구	228869	91865	91002	863	137004	평화통일가정당	599
경기도	4100	수원시팔달구	169205	64838	63994	844	104367	평화통일가정당	611
경기도	4100	수원시영통구	176153	82281	81684	597	93872	평화통일가정당	336
경기도	4100	성남시수정구	201315	78046	77062	984	123269	평화통일가정당	527
경기도	4100	성남시중원구	206957	81070	79996	1074	125887	평화통일가정당	598
경기도	4100	성남시분당구	321494	147795	146769	1026	173699	평화통일가정당	848
경기도	4100	의정부시	318676	138425	136888	1537	180251	평화통일가정당	920
경기도	4100	안양시만안구	205122	93889	92972	917	111233	평화통일가정당	676
경기도	4100	안양시동안구	263362	129840	128950	890	133522	평화통일가정당	818
경기도	4100	부천시원미구	333760	140646	139146	1500	193114	평화통일가정당	932
경기도	4100	부천시소사구	175130	75765	74884	881	99365	평화통일가정당	477
경기도	4100	부천시오정구	145857	59217	58258	959	86640	평화통일가정당	331
경기도	4100	광명시	236672	110500	109198	1302	126172	평화통일가정당	790
경기도	4100	평택시	298658	136441	134048	2393	162217	평화통일가정당	984
경기도	4100	양주시	134119	58162	57007	1155	75957	평화통일가정당	490
경기도	4100	동두천시	68655	29940	29200	740	38715	평화통일가정당	225
경기도	4100	안산시상록구	267886	107309	105942	1367	160577	평화통일가정당	836
경기도	4100	안산시단원구	240172	95008	93863	1145	145164	평화통일가정당	649
경기도	4100	고양시덕양구	283612	128576	127225	1351	155036	평화통일가정당	895
경기도	4100	고양시일산동구	190339	86900	86221	679	103439	평화통일가정당	416
경기도	4100	고양시일산서구	205367	96695	95909	786	108672	평화통일가정당	494
경기도	4100	과천시	45915	24082	23853	229	21833	평화통일가정당	106
경기도	4100	의왕시	102047	47270	46778	492	54777	평화통일가정당	454
경기도	4100	구리시	145964	67898	67082	816	78066	평화통일가정당	1490
경기도	4100	남양주시	364272	160258	158020	2238	204014	평화통일가정당	1487
경기도	4100	오산시	105500	45008	44445	563	60492	평화통일가정당	307
경기도	4100	화성시	284683	111093	109583	1510	173590	평화통일가정당	910
경기도	4100	시흥시	277569	108606	107321	1285	168963	평화통일가정당	799
경기도	4100	군포시	204940	98549	97538	1011	106391	평화통일가정당	626
경기도	4100	하남시	107321	48936	48281	655	58385	평화통일가정당	426
경기도	4100	파주시	229631	97699	95965	1734	131932	평화통일가정당	935
경기도	4100	여주군	82472	40163	39218	945	42309	평화통일가정당	492
경기도	4100	이천시	145057	62050	61092	958	83007	평화통일가정당	967
경기도	4100	용인시처인구	152093	66480	65250	1230	85613	평화통일가정당	501
경기도	4100	용인시수지구	214394	104656	103933	723	109738	평화통일가정당	359
경기도	4100	용인시기흥구	219937	94402	93694	708	125535	평화통일가정당	544
경기도	4100	안성시	126303	52559	51221	1338	73744	평화통일가정당	670
경기도	4100	김포시	153364	68417	67542	875	84947	평화통일가정당	380
경기도	4100	광주시	173590	69131	68255	876	104459	평화통일가정당	1017
경기도	4100	포천시	121600	56128	54615	1513	65472	평화통일가정당	657
경기도	4100	연천군	36617	19060	18504	556	17557	평화통일가정당	368
경기도	4100	양평군	71224	35050	34100	950	36174	평화통일가정당	495
경기도	4100	가평군	44961	24896	24075	821	20065	평화통일가정당	948
경기도	4100	수원시장안구	210021	91086	90093	993	118935	한국사회당	92
경기도	4100	수원시권선구	228869	91865	91002	863	137004	한국사회당	73
경기도	4100	수원시팔달구	169205	64838	63994	844	104367	한국사회당	52
경기도	4100	수원시영통구	176153	82281	81684	597	93872	한국사회당	46
경기도	4100	성남시수정구	201315	78046	77062	984	123269	한국사회당	84
경기도	4100	성남시중원구	206957	81070	79996	1074	125887	한국사회당	68
경기도	4100	성남시분당구	321494	147795	146769	1026	173699	한국사회당	78
경기도	4100	의정부시	318676	138425	136888	1537	180251	한국사회당	114
경기도	4100	안양시만안구	205122	93889	92972	917	111233	한국사회당	98
경기도	4100	안양시동안구	263362	129840	128950	890	133522	한국사회당	85
경기도	4100	부천시원미구	333760	140646	139146	1500	193114	한국사회당	123
경기도	4100	부천시소사구	175130	75765	74884	881	99365	한국사회당	81
경기도	4100	부천시오정구	145857	59217	58258	959	86640	한국사회당	69
경기도	4100	광명시	236672	110500	109198	1302	126172	한국사회당	110
경기도	4100	평택시	298658	136441	134048	2393	162217	한국사회당	169
경기도	4100	양주시	134119	58162	57007	1155	75957	한국사회당	64
경기도	4100	동두천시	68655	29940	29200	740	38715	한국사회당	48
경기도	4100	안산시상록구	267886	107309	105942	1367	160577	한국사회당	119
경기도	4100	안산시단원구	240172	95008	93863	1145	145164	한국사회당	82
경기도	4100	고양시덕양구	283612	128576	127225	1351	155036	한국사회당	108
경기도	4100	고양시일산동구	190339	86900	86221	679	103439	한국사회당	50
경기도	4100	고양시일산서구	205367	96695	95909	786	108672	한국사회당	46
경기도	4100	과천시	45915	24082	23853	229	21833	한국사회당	13
경기도	4100	의왕시	102047	47270	46778	492	54777	한국사회당	43
경기도	4100	구리시	145964	67898	67082	816	78066	한국사회당	66
경기도	4100	남양주시	364272	160258	158020	2238	204014	한국사회당	146
경기도	4100	오산시	105500	45008	44445	563	60492	한국사회당	43
경기도	4100	화성시	284683	111093	109583	1510	173590	한국사회당	148
경기도	4100	시흥시	277569	108606	107321	1285	168963	한국사회당	104
경기도	4100	군포시	204940	98549	97538	1011	106391	한국사회당	57
경기도	4100	하남시	107321	48936	48281	655	58385	한국사회당	49
경기도	4100	파주시	229631	97699	95965	1734	131932	한국사회당	125
경기도	4100	여주군	82472	40163	39218	945	42309	한국사회당	102
경기도	4100	이천시	145057	62050	61092	958	83007	한국사회당	150
경기도	4100	용인시처인구	152093	66480	65250	1230	85613	한국사회당	72
경기도	4100	용인시수지구	214394	104656	103933	723	109738	한국사회당	42
경기도	4100	용인시기흥구	219937	94402	93694	708	125535	한국사회당	41
경기도	4100	안성시	126303	52559	51221	1338	73744	한국사회당	106
경기도	4100	김포시	153364	68417	67542	875	84947	한국사회당	65
경기도	4100	광주시	173590	69131	68255	876	104459	한국사회당	74
경기도	4100	포천시	121600	56128	54615	1513	65472	한국사회당	156
경기도	4100	연천군	36617	19060	18504	556	17557	한국사회당	63
경기도	4100	양평군	71224	35050	34100	950	36174	한국사회당	80
경기도	4100	가평군	44961	24896	24075	821	20065	한국사회당	102
강원도	4200	춘천시	197867	101693	99956	1737	96174	통합민주당	15641
강원도	4200	원주시	223872	95775	94060	1715	128097	통합민주당	16487
강원도	4200	강릉시	170344	85271	83237	2034	85073	통합민주당	10220
강원도	4200	동해시	74005	38673	37555	1118	35332	통합민주당	4775
강원도	4200	삼척시	56810	32189	31184	1005	24621	통합민주당	3400
강원도	4200	태백시	41060	20995	20518	477	20065	통합민주당	4595
강원도	4200	정선군	34374	19363	18719	644	15011	통합민주당	5223
강원도	4200	속초시	64444	32334	31630	704	32110	통합민주당	5573
강원도	4200	고성군	24727	14358	13908	450	10369	통합민주당	2244
강원도	4200	양양군	23172	13032	12609	423	10140	통합민주당	2268
강원도	4200	인제군	24780	13347	13001	346	11433	통합민주당	3351
강원도	4200	홍천군	55602	33175	32082	1093	22427	통합민주당	9096
강원도	4200	횡성군	35260	20258	19594	664	15002	통합민주당	4328
강원도	4200	영월군	33056	19230	18762	468	13826	통합민주당	5608
강원도	4200	평창군	35633	19096	18518	578	16537	통합민주당	5406
강원도	4200	화천군	17949	10804	10445	359	7145	통합민주당	2816
강원도	4200	양구군	16545	10030	9754	276	6515	통합민주당	2830
강원도	4200	철원군	37266	21075	20475	600	16191	통합민주당	5247
강원도	4200	춘천시	197867	101693	99956	1737	96174	한나라당	41353
강원도	4200	원주시	223872	95775	94060	1715	128097	한나라당	42146
강원도	4200	강릉시	170344	85271	83237	2034	85073	한나라당	40505
강원도	4200	동해시	74005	38673	37555	1118	35332	한나라당	17308
강원도	4200	삼척시	56810	32189	31184	1005	24621	한나라당	15956
강원도	4200	태백시	41060	20995	20518	477	20065	한나라당	9228
강원도	4200	정선군	34374	19363	18719	644	15011	한나라당	8179
강원도	4200	속초시	64444	32334	31630	704	32110	한나라당	15343
강원도	4200	고성군	24727	14358	13908	450	10369	한나라당	7389
강원도	4200	양양군	23172	13032	12609	423	10140	한나라당	6353
강원도	4200	인제군	24780	13347	13001	346	11433	한나라당	5501
강원도	4200	홍천군	55602	33175	32082	1093	22427	한나라당	14488
강원도	4200	횡성군	35260	20258	19594	664	15002	한나라당	8767
강원도	4200	영월군	33056	19230	18762	468	13826	한나라당	8223
강원도	4200	평창군	35633	19096	18518	578	16537	한나라당	8024
강원도	4200	화천군	17949	10804	10445	359	7145	한나라당	4462
강원도	4200	양구군	16545	10030	9754	276	6515	한나라당	4079
강원도	4200	철원군	37266	21075	20475	600	16191	한나라당	9464
강원도	4200	춘천시	197867	101693	99956	1737	96174	자유선진당	14086
강원도	4200	원주시	223872	95775	94060	1715	128097	자유선진당	6131
강원도	4200	강릉시	170344	85271	83237	2034	85073	자유선진당	3566
강원도	4200	동해시	74005	38673	37555	1118	35332	자유선진당	1618
강원도	4200	삼척시	56810	32189	31184	1005	24621	자유선진당	1308
강원도	4200	태백시	41060	20995	20518	477	20065	자유선진당	695
강원도	4200	정선군	34374	19363	18719	644	15011	자유선진당	734
강원도	4200	속초시	64444	32334	31630	704	32110	자유선진당	1298
강원도	4200	고성군	24727	14358	13908	450	10369	자유선진당	538
강원도	4200	양양군	23172	13032	12609	423	10140	자유선진당	577
강원도	4200	인제군	24780	13347	13001	346	11433	자유선진당	972
강원도	4200	홍천군	55602	33175	32082	1093	22427	자유선진당	1085
강원도	4200	횡성군	35260	20258	19594	664	15002	자유선진당	1706
강원도	4200	영월군	33056	19230	18762	468	13826	자유선진당	696
강원도	4200	평창군	35633	19096	18518	578	16537	자유선진당	601
강원도	4200	화천군	17949	10804	10445	359	7145	자유선진당	470
강원도	4200	양구군	16545	10030	9754	276	6515	자유선진당	398
강원도	4200	철원군	37266	21075	20475	600	16191	자유선진당	689
강원도	4200	춘천시	197867	101693	99956	1737	96174	민주노동당	6235
강원도	4200	원주시	223872	95775	94060	1715	128097	민주노동당	7603
강원도	4200	강릉시	170344	85271	83237	2034	85073	민주노동당	4747
강원도	4200	동해시	74005	38673	37555	1118	35332	민주노동당	1963
강원도	4200	삼척시	56810	32189	31184	1005	24621	민주노동당	1589
강원도	4200	태백시	41060	20995	20518	477	20065	민주노동당	846
강원도	4200	정선군	34374	19363	18719	644	15011	민주노동당	825
강원도	4200	속초시	64444	32334	31630	704	32110	민주노동당	1805
강원도	4200	고성군	24727	14358	13908	450	10369	민주노동당	744
강원도	4200	양양군	23172	13032	12609	423	10140	민주노동당	629
강원도	4200	인제군	24780	13347	13001	346	11433	민주노동당	724
강원도	4200	홍천군	55602	33175	32082	1093	22427	민주노동당	1663
강원도	4200	횡성군	35260	20258	19594	664	15002	민주노동당	1033
강원도	4200	영월군	33056	19230	18762	468	13826	민주노동당	751
강원도	4200	평창군	35633	19096	18518	578	16537	민주노동당	772
강원도	4200	화천군	17949	10804	10445	359	7145	민주노동당	753
강원도	4200	양구군	16545	10030	9754	276	6515	민주노동당	664
강원도	4200	철원군	37266	21075	20475	600	16191	민주노동당	1495
강원도	4200	춘천시	197867	101693	99956	1737	96174	창조한국당	4573
강원도	4200	원주시	223872	95775	94060	1715	128097	창조한국당	3753
강원도	4200	강릉시	170344	85271	83237	2034	85073	창조한국당	4029
강원도	4200	동해시	74005	38673	37555	1118	35332	창조한국당	1483
강원도	4200	삼척시	56810	32189	31184	1005	24621	창조한국당	949
강원도	4200	태백시	41060	20995	20518	477	20065	창조한국당	664
강원도	4200	정선군	34374	19363	18719	644	15011	창조한국당	437
강원도	4200	속초시	64444	32334	31630	704	32110	창조한국당	1149
강원도	4200	고성군	24727	14358	13908	450	10369	창조한국당	330
강원도	4200	양양군	23172	13032	12609	423	10140	창조한국당	323
강원도	4200	인제군	24780	13347	13001	346	11433	창조한국당	389
강원도	4200	홍천군	55602	33175	32082	1093	22427	창조한국당	858
강원도	4200	횡성군	35260	20258	19594	664	15002	창조한국당	518
강원도	4200	영월군	33056	19230	18762	468	13826	창조한국당	462
강원도	4200	평창군	35633	19096	18518	578	16537	창조한국당	505
강원도	4200	화천군	17949	10804	10445	359	7145	창조한국당	287
강원도	4200	양구군	16545	10030	9754	276	6515	창조한국당	275
강원도	4200	철원군	37266	21075	20475	600	16191	창조한국당	471
강원도	4200	춘천시	197867	101693	99956	1737	96174	친박연대	10954
강원도	4200	원주시	223872	95775	94060	1715	128097	친박연대	12253
강원도	4200	강릉시	170344	85271	83237	2034	85073	친박연대	12023
강원도	4200	동해시	74005	38673	37555	1118	35332	친박연대	6539
강원도	4200	삼척시	56810	32189	31184	1005	24621	친박연대	4891
강원도	4200	태백시	41060	20995	20518	477	20065	친박연대	3307
강원도	4200	정선군	34374	19363	18719	644	15011	친박연대	2173
강원도	4200	속초시	64444	32334	31630	704	32110	친박연대	3834
강원도	4200	고성군	24727	14358	13908	450	10369	친박연대	1369
강원도	4200	양양군	23172	13032	12609	423	10140	친박연대	1319
강원도	4200	인제군	24780	13347	13001	346	11433	친박연대	1267
강원도	4200	홍천군	55602	33175	32082	1093	22427	친박연대	2865
강원도	4200	횡성군	35260	20258	19594	664	15002	친박연대	1867
강원도	4200	영월군	33056	19230	18762	468	13826	친박연대	1923
강원도	4200	평창군	35633	19096	18518	578	16537	친박연대	1809
강원도	4200	화천군	17949	10804	10445	359	7145	친박연대	979
강원도	4200	양구군	16545	10030	9754	276	6515	친박연대	911
강원도	4200	철원군	37266	21075	20475	600	16191	친박연대	1795
강원도	4200	춘천시	197867	101693	99956	1737	96174	국민실향안보당	321
강원도	4200	원주시	223872	95775	94060	1715	128097	국민실향안보당	158
강원도	4200	강릉시	170344	85271	83237	2034	85073	국민실향안보당	253
강원도	4200	동해시	74005	38673	37555	1118	35332	국민실향안보당	1132
강원도	4200	삼척시	56810	32189	31184	1005	24621	국민실향안보당	865
강원도	4200	태백시	41060	20995	20518	477	20065	국민실향안보당	24
강원도	4200	정선군	34374	19363	18719	644	15011	국민실향안보당	23
강원도	4200	속초시	64444	32334	31630	704	32110	국민실향안보당	535
강원도	4200	고성군	24727	14358	13908	450	10369	국민실향안보당	412
강원도	4200	양양군	23172	13032	12609	423	10140	국민실향안보당	263
강원도	4200	인제군	24780	13347	13001	346	11433	국민실향안보당	17
강원도	4200	홍천군	55602	33175	32082	1093	22427	국민실향안보당	42
강원도	4200	횡성군	35260	20258	19594	664	15002	국민실향안보당	17
강원도	4200	영월군	33056	19230	18762	468	13826	국민실향안보당	24
강원도	4200	평창군	35633	19096	18518	578	16537	국민실향안보당	18
강원도	4200	화천군	17949	10804	10445	359	7145	국민실향안보당	15
강원도	4200	양구군	16545	10030	9754	276	6515	국민실향안보당	16
강원도	4200	철원군	37266	21075	20475	600	16191	국민실향안보당	45
강원도	4200	춘천시	197867	101693	99956	1737	96174	기독당	2102
강원도	4200	원주시	223872	95775	94060	1715	128097	기독당	1470
강원도	4200	강릉시	170344	85271	83237	2034	85073	기독당	2903
강원도	4200	동해시	74005	38673	37555	1118	35332	기독당	573
강원도	4200	삼척시	56810	32189	31184	1005	24621	기독당	390
강원도	4200	태백시	41060	20995	20518	477	20065	기독당	163
강원도	4200	정선군	34374	19363	18719	644	15011	기독당	184
강원도	4200	속초시	64444	32334	31630	704	32110	기독당	553
강원도	4200	고성군	24727	14358	13908	450	10369	기독당	364
강원도	4200	양양군	23172	13032	12609	423	10140	기독당	254
강원도	4200	인제군	24780	13347	13001	346	11433	기독당	181
강원도	4200	홍천군	55602	33175	32082	1093	22427	기독당	658
강원도	4200	횡성군	35260	20258	19594	664	15002	기독당	558
강원도	4200	영월군	33056	19230	18762	468	13826	기독당	272
강원도	4200	평창군	35633	19096	18518	578	16537	기독당	316
강원도	4200	화천군	17949	10804	10445	359	7145	기독당	151
강원도	4200	양구군	16545	10030	9754	276	6515	기독당	132
강원도	4200	철원군	37266	21075	20475	600	16191	기독당	468
강원도	4200	춘천시	197867	101693	99956	1737	96174	문화예술당	137
강원도	4200	원주시	223872	95775	94060	1715	128097	문화예술당	125
강원도	4200	강릉시	170344	85271	83237	2034	85073	문화예술당	195
강원도	4200	동해시	74005	38673	37555	1118	35332	문화예술당	79
강원도	4200	삼척시	56810	32189	31184	1005	24621	문화예술당	70
강원도	4200	태백시	41060	20995	20518	477	20065	문화예술당	26
강원도	4200	정선군	34374	19363	18719	644	15011	문화예술당	21
강원도	4200	속초시	64444	32334	31630	704	32110	문화예술당	70
강원도	4200	고성군	24727	14358	13908	450	10369	문화예술당	40
강원도	4200	양양군	23172	13032	12609	423	10140	문화예술당	32
강원도	4200	인제군	24780	13347	13001	346	11433	문화예술당	29
강원도	4200	홍천군	55602	33175	32082	1093	22427	문화예술당	37
강원도	4200	횡성군	35260	20258	19594	664	15002	문화예술당	25
강원도	4200	영월군	33056	19230	18762	468	13826	문화예술당	32
강원도	4200	평창군	35633	19096	18518	578	16537	문화예술당	22
강원도	4200	화천군	17949	10804	10445	359	7145	문화예술당	17
강원도	4200	양구군	16545	10030	9754	276	6515	문화예술당	17
강원도	4200	철원군	37266	21075	20475	600	16191	문화예술당	19
강원도	4200	춘천시	197867	101693	99956	1737	96174	시민당	125
강원도	4200	원주시	223872	95775	94060	1715	128097	시민당	95
강원도	4200	강릉시	170344	85271	83237	2034	85073	시민당	190
강원도	4200	동해시	74005	38673	37555	1118	35332	시민당	69
강원도	4200	삼척시	56810	32189	31184	1005	24621	시민당	63
강원도	4200	태백시	41060	20995	20518	477	20065	시민당	32
강원도	4200	정선군	34374	19363	18719	644	15011	시민당	30
강원도	4200	속초시	64444	32334	31630	704	32110	시민당	58
강원도	4200	고성군	24727	14358	13908	450	10369	시민당	28
강원도	4200	양양군	23172	13032	12609	423	10140	시민당	33
강원도	4200	인제군	24780	13347	13001	346	11433	시민당	16
강원도	4200	홍천군	55602	33175	32082	1093	22427	시민당	42
강원도	4200	횡성군	35260	20258	19594	664	15002	시민당	32
강원도	4200	영월군	33056	19230	18762	468	13826	시민당	29
강원도	4200	평창군	35633	19096	18518	578	16537	시민당	21
강원도	4200	화천군	17949	10804	10445	359	7145	시민당	15
강원도	4200	양구군	16545	10030	9754	276	6515	시민당	16
강원도	4200	철원군	37266	21075	20475	600	16191	시민당	22
강원도	4200	춘천시	197867	101693	99956	1737	96174	신미래당	82
강원도	4200	원주시	223872	95775	94060	1715	128097	신미래당	78
강원도	4200	강릉시	170344	85271	83237	2034	85073	신미래당	125
강원도	4200	동해시	74005	38673	37555	1118	35332	신미래당	55
강원도	4200	삼척시	56810	32189	31184	1005	24621	신미래당	48
강원도	4200	태백시	41060	20995	20518	477	20065	신미래당	16
강원도	4200	정선군	34374	19363	18719	644	15011	신미래당	23
강원도	4200	속초시	64444	32334	31630	704	32110	신미래당	26
강원도	4200	고성군	24727	14358	13908	450	10369	신미래당	20
강원도	4200	양양군	23172	13032	12609	423	10140	신미래당	15
강원도	4200	인제군	24780	13347	13001	346	11433	신미래당	22
강원도	4200	홍천군	55602	33175	32082	1093	22427	신미래당	31
강원도	4200	횡성군	35260	20258	19594	664	15002	신미래당	23
강원도	4200	영월군	33056	19230	18762	468	13826	신미래당	20
강원도	4200	평창군	35633	19096	18518	578	16537	신미래당	25
강원도	4200	화천군	17949	10804	10445	359	7145	신미래당	8
강원도	4200	양구군	16545	10030	9754	276	6515	신미래당	9
강원도	4200	철원군	37266	21075	20475	600	16191	신미래당	31
강원도	4200	춘천시	197867	101693	99956	1737	96174	직능연합당	147
강원도	4200	원주시	223872	95775	94060	1715	128097	직능연합당	67
강원도	4200	강릉시	170344	85271	83237	2034	85073	직능연합당	112
강원도	4200	동해시	74005	38673	37555	1118	35332	직능연합당	44
강원도	4200	삼척시	56810	32189	31184	1005	24621	직능연합당	44
강원도	4200	태백시	41060	20995	20518	477	20065	직능연합당	31
강원도	4200	정선군	34374	19363	18719	644	15011	직능연합당	19
강원도	4200	속초시	64444	32334	31630	704	32110	직능연합당	55
강원도	4200	고성군	24727	14358	13908	450	10369	직능연합당	22
강원도	4200	양양군	23172	13032	12609	423	10140	직능연합당	21
강원도	4200	인제군	24780	13347	13001	346	11433	직능연합당	24
강원도	4200	홍천군	55602	33175	32082	1093	22427	직능연합당	24
강원도	4200	횡성군	35260	20258	19594	664	15002	직능연합당	35
강원도	4200	영월군	33056	19230	18762	468	13826	직능연합당	26
강원도	4200	평창군	35633	19096	18518	578	16537	직능연합당	20
강원도	4200	화천군	17949	10804	10445	359	7145	직능연합당	15
강원도	4200	양구군	16545	10030	9754	276	6515	직능연합당	14
강원도	4200	철원군	37266	21075	20475	600	16191	직능연합당	20
강원도	4200	춘천시	197867	101693	99956	1737	96174	진보신당	2586
강원도	4200	원주시	223872	95775	94060	1715	128097	진보신당	2378
강원도	4200	강릉시	170344	85271	83237	2034	85073	진보신당	2562
강원도	4200	동해시	74005	38673	37555	1118	35332	진보신당	1010
강원도	4200	삼척시	56810	32189	31184	1005	24621	진보신당	617
강원도	4200	태백시	41060	20995	20518	477	20065	진보신당	652
강원도	4200	정선군	34374	19363	18719	644	15011	진보신당	384
강원도	4200	속초시	64444	32334	31630	704	32110	진보신당	793
강원도	4200	고성군	24727	14358	13908	450	10369	진보신당	127
강원도	4200	양양군	23172	13032	12609	423	10140	진보신당	206
강원도	4200	인제군	24780	13347	13001	346	11433	진보신당	172
강원도	4200	홍천군	55602	33175	32082	1093	22427	진보신당	426
강원도	4200	횡성군	35260	20258	19594	664	15002	진보신당	287
강원도	4200	영월군	33056	19230	18762	468	13826	진보신당	250
강원도	4200	평창군	35633	19096	18518	578	16537	진보신당	248
강원도	4200	화천군	17949	10804	10445	359	7145	진보신당	120
강원도	4200	양구군	16545	10030	9754	276	6515	진보신당	109
강원도	4200	철원군	37266	21075	20475	600	16191	진보신당	272
강원도	4200	춘천시	197867	101693	99956	1737	96174	평화통일가정당	1453
강원도	4200	원주시	223872	95775	94060	1715	128097	평화통일가정당	1121
강원도	4200	강릉시	170344	85271	83237	2034	85073	평화통일가정당	1489
강원도	4200	동해시	74005	38673	37555	1118	35332	평화통일가정당	797
강원도	4200	삼척시	56810	32189	31184	1005	24621	평화통일가정당	855
강원도	4200	태백시	41060	20995	20518	477	20065	평화통일가정당	196
강원도	4200	정선군	34374	19363	18719	644	15011	평화통일가정당	369
강원도	4200	속초시	64444	32334	31630	704	32110	평화통일가정당	455
강원도	4200	고성군	24727	14358	13908	450	10369	평화통일가정당	186
강원도	4200	양양군	23172	13032	12609	423	10140	평화통일가정당	237
강원도	4200	인제군	24780	13347	13001	346	11433	평화통일가정당	280
강원도	4200	홍천군	55602	33175	32082	1093	22427	평화통일가정당	661
강원도	4200	횡성군	35260	20258	19594	664	15002	평화통일가정당	303
강원도	4200	영월군	33056	19230	18762	468	13826	평화통일가정당	347
강원도	4200	평창군	35633	19096	18518	578	16537	평화통일가정당	632
강원도	4200	화천군	17949	10804	10445	359	7145	평화통일가정당	293
강원도	4200	양구군	16545	10030	9754	276	6515	평화통일가정당	248
강원도	4200	철원군	37266	21075	20475	600	16191	평화통일가정당	374
강원도	4200	춘천시	197867	101693	99956	1737	96174	한국사회당	161
강원도	4200	원주시	223872	95775	94060	1715	128097	한국사회당	195
강원도	4200	강릉시	170344	85271	83237	2034	85073	한국사회당	318
강원도	4200	동해시	74005	38673	37555	1118	35332	한국사회당	110
강원도	4200	삼척시	56810	32189	31184	1005	24621	한국사회당	139
강원도	4200	태백시	41060	20995	20518	477	20065	한국사회당	43
강원도	4200	정선군	34374	19363	18719	644	15011	한국사회당	95
강원도	4200	속초시	64444	32334	31630	704	32110	한국사회당	83
강원도	4200	고성군	24727	14358	13908	450	10369	한국사회당	95
강원도	4200	양양군	23172	13032	12609	423	10140	한국사회당	79
강원도	4200	인제군	24780	13347	13001	346	11433	한국사회당	56
강원도	4200	홍천군	55602	33175	32082	1093	22427	한국사회당	106
강원도	4200	횡성군	35260	20258	19594	664	15002	한국사회당	95
강원도	4200	영월군	33056	19230	18762	468	13826	한국사회당	99
강원도	4200	평창군	35633	19096	18518	578	16537	한국사회당	99
강원도	4200	화천군	17949	10804	10445	359	7145	한국사회당	44
강원도	4200	양구군	16545	10030	9754	276	6515	한국사회당	36
강원도	4200	철원군	37266	21075	20475	600	16191	한국사회당	63
충청북도	4300	청주시상당구	183981	83440	82571	869	100541	통합민주당	22581
충청북도	4300	청주시흥덕구	280985	125782	124702	1080	155203	통합민주당	31676
충청북도	4300	충주시	157660	81990	80482	1508	75670	통합민주당	21783
충청북도	4300	제천시	105634	50853	49794	1059	54781	통합민주당	6796
충청북도	4300	단양군	26425	14249	13898	351	12176	통합민주당	2022
충청북도	4300	청원군	111765	55144	54064	1080	56621	통합민주당	15493
충청북도	4300	영동군	41186	25535	24837	698	15651	통합민주당	3418
충청북도	4300	보은군	29387	18963	18412	551	10424	통합민주당	2746
충청북도	4300	옥천군	44207	26688	25816	872	17519	통합민주당	4791
충청북도	4300	음성군	68669	32601	31894	707	36068	통합민주당	9376
충청북도	4300	진천군	46487	24135	23690	445	22352	통합민주당	6068
충청북도	4300	괴산군	31453	17246	16775	471	14207	통합민주당	3709
충청북도	4300	증평군	23692	10812	10640	172	12880	통합민주당	2740
충청북도	4300	청주시상당구	183981	83440	82571	869	100541	한나라당	26743
충청북도	4300	청주시흥덕구	280985	125782	124702	1080	155203	한나라당	36642
충청북도	4300	충주시	157660	81990	80482	1508	75670	한나라당	34456
충청북도	4300	제천시	105634	50853	49794	1059	54781	한나라당	19948
충청북도	4300	단양군	26425	14249	13898	351	12176	한나라당	6017
충청북도	4300	청원군	111765	55144	54064	1080	56621	한나라당	17217
충청북도	4300	영동군	41186	25535	24837	698	15651	한나라당	10493
충청북도	4300	보은군	29387	18963	18412	551	10424	한나라당	5286
충청북도	4300	옥천군	44207	26688	25816	872	17519	한나라당	6539
충청북도	4300	음성군	68669	32601	31894	707	36068	한나라당	9672
충청북도	4300	진천군	46487	24135	23690	445	22352	한나라당	8590
충청북도	4300	괴산군	31453	17246	16775	471	14207	한나라당	4968
충청북도	4300	증평군	23692	10812	10640	172	12880	한나라당	3110
충청북도	4300	청주시상당구	183981	83440	82571	869	100541	자유선진당	11514
충청북도	4300	청주시흥덕구	280985	125782	124702	1080	155203	자유선진당	18711
충청북도	4300	충주시	157660	81990	80482	1508	75670	자유선진당	4414
충청북도	4300	제천시	105634	50853	49794	1059	54781	자유선진당	5831
충청북도	4300	단양군	26425	14249	13898	351	12176	자유선진당	1400
충청북도	4300	청원군	111765	55144	54064	1080	56621	자유선진당	6950
충청북도	4300	영동군	41186	25535	24837	698	15651	자유선진당	4598
충청북도	4300	보은군	29387	18963	18412	551	10424	자유선진당	5811
충청북도	4300	옥천군	44207	26688	25816	872	17519	자유선진당	7503
충청북도	4300	음성군	68669	32601	31894	707	36068	자유선진당	3695
충청북도	4300	진천군	46487	24135	23690	445	22352	자유선진당	2463
충청북도	4300	괴산군	31453	17246	16775	471	14207	자유선진당	2020
충청북도	4300	증평군	23692	10812	10640	172	12880	자유선진당	1611
충청북도	4300	청주시상당구	183981	83440	82571	869	100541	민주노동당	3646
충청북도	4300	청주시흥덕구	280985	125782	124702	1080	155203	민주노동당	7138
충청북도	4300	충주시	157660	81990	80482	1508	75670	민주노동당	4225
충청북도	4300	제천시	105634	50853	49794	1059	54781	민주노동당	4550
충청북도	4300	단양군	26425	14249	13898	351	12176	민주노동당	1027
충청북도	4300	청원군	111765	55144	54064	1080	56621	민주노동당	2507
충청북도	4300	영동군	41186	25535	24837	698	15651	민주노동당	1207
충청북도	4300	보은군	29387	18963	18412	551	10424	민주노동당	946
충청북도	4300	옥천군	44207	26688	25816	872	17519	민주노동당	1401
충청북도	4300	음성군	68669	32601	31894	707	36068	민주노동당	1786
충청북도	4300	진천군	46487	24135	23690	445	22352	민주노동당	1645
충청북도	4300	괴산군	31453	17246	16775	471	14207	민주노동당	1127
충청북도	4300	증평군	23692	10812	10640	172	12880	민주노동당	512
충청북도	4300	청주시상당구	183981	83440	82571	869	100541	창조한국당	3015
충청북도	4300	청주시흥덕구	280985	125782	124702	1080	155203	창조한국당	4945
충청북도	4300	충주시	157660	81990	80482	1508	75670	창조한국당	3015
충청북도	4300	제천시	105634	50853	49794	1059	54781	창조한국당	1626
충청북도	4300	단양군	26425	14249	13898	351	12176	창조한국당	417
충청북도	4300	청원군	111765	55144	54064	1080	56621	창조한국당	1757
충청북도	4300	영동군	41186	25535	24837	698	15651	창조한국당	615
충청북도	4300	보은군	29387	18963	18412	551	10424	창조한국당	454
충청북도	4300	옥천군	44207	26688	25816	872	17519	창조한국당	602
충청북도	4300	음성군	68669	32601	31894	707	36068	창조한국당	909
충청북도	4300	진천군	46487	24135	23690	445	22352	창조한국당	654
충청북도	4300	괴산군	31453	17246	16775	471	14207	창조한국당	384
충청북도	4300	증평군	23692	10812	10640	172	12880	창조한국당	324
충청북도	4300	청주시상당구	183981	83440	82571	869	100541	친박연대	9859
충청북도	4300	청주시흥덕구	280985	125782	124702	1080	155203	친박연대	17087
충청북도	4300	충주시	157660	81990	80482	1508	75670	친박연대	8513
충청북도	4300	제천시	105634	50853	49794	1059	54781	친박연대	7097
충청북도	4300	단양군	26425	14249	13898	351	12176	친박연대	1972
충청북도	4300	청원군	111765	55144	54064	1080	56621	친박연대	5399
충청북도	4300	영동군	41186	25535	24837	698	15651	친박연대	2765
충청북도	4300	보은군	29387	18963	18412	551	10424	친박연대	1907
충청북도	4300	옥천군	44207	26688	25816	872	17519	친박연대	3001
충청북도	4300	음성군	68669	32601	31894	707	36068	친박연대	4209
충청북도	4300	진천군	46487	24135	23690	445	22352	친박연대	2711
충청북도	4300	괴산군	31453	17246	16775	471	14207	친박연대	2613
충청북도	4300	증평군	23692	10812	10640	172	12880	친박연대	1667
충청북도	4300	청주시상당구	183981	83440	82571	869	100541	국민실향안보당	141
충청북도	4300	청주시흥덕구	280985	125782	124702	1080	155203	국민실향안보당	184
충청북도	4300	충주시	157660	81990	80482	1508	75670	국민실향안보당	71
충청북도	4300	제천시	105634	50853	49794	1059	54781	국민실향안보당	637
충청북도	4300	단양군	26425	14249	13898	351	12176	국민실향안보당	128
충청북도	4300	청원군	111765	55144	54064	1080	56621	국민실향안보당	101
충청북도	4300	영동군	41186	25535	24837	698	15651	국민실향안보당	56
충청북도	4300	보은군	29387	18963	18412	551	10424	국민실향안보당	43
충청북도	4300	옥천군	44207	26688	25816	872	17519	국민실향안보당	49
충청북도	4300	음성군	68669	32601	31894	707	36068	국민실향안보당	101
충청북도	4300	진천군	46487	24135	23690	445	22352	국민실향안보당	72
충청북도	4300	괴산군	31453	17246	16775	471	14207	국민실향안보당	83
충청북도	4300	증평군	23692	10812	10640	172	12880	국민실향안보당	27
충청북도	4300	청주시상당구	183981	83440	82571	869	100541	기독당	1980
충청북도	4300	청주시흥덕구	280985	125782	124702	1080	155203	기독당	3198
충청북도	4300	충주시	157660	81990	80482	1508	75670	기독당	1618
충청북도	4300	제천시	105634	50853	49794	1059	54781	기독당	1309
충청북도	4300	단양군	26425	14249	13898	351	12176	기독당	282
충청북도	4300	청원군	111765	55144	54064	1080	56621	기독당	1237
충청북도	4300	영동군	41186	25535	24837	698	15651	기독당	550
충청북도	4300	보은군	29387	18963	18412	551	10424	기독당	296
충청북도	4300	옥천군	44207	26688	25816	872	17519	기독당	520
충청북도	4300	음성군	68669	32601	31894	707	36068	기독당	685
충청북도	4300	진천군	46487	24135	23690	445	22352	기독당	420
충청북도	4300	괴산군	31453	17246	16775	471	14207	기독당	288
충청북도	4300	증평군	23692	10812	10640	172	12880	기독당	183
충청북도	4300	청주시상당구	183981	83440	82571	869	100541	문화예술당	116
충청북도	4300	청주시흥덕구	280985	125782	124702	1080	155203	문화예술당	159
충청북도	4300	충주시	157660	81990	80482	1508	75670	문화예술당	87
충청북도	4300	제천시	105634	50853	49794	1059	54781	문화예술당	98
충청북도	4300	단양군	26425	14249	13898	351	12176	문화예술당	33
충청북도	4300	청원군	111765	55144	54064	1080	56621	문화예술당	96
충청북도	4300	영동군	41186	25535	24837	698	15651	문화예술당	41
충청북도	4300	보은군	29387	18963	18412	551	10424	문화예술당	34
충청북도	4300	옥천군	44207	26688	25816	872	17519	문화예술당	60
충청북도	4300	음성군	68669	32601	31894	707	36068	문화예술당	68
충청북도	4300	진천군	46487	24135	23690	445	22352	문화예술당	46
충청북도	4300	괴산군	31453	17246	16775	471	14207	문화예술당	44
충청북도	4300	증평군	23692	10812	10640	172	12880	문화예술당	27
충청북도	4300	청주시상당구	183981	83440	82571	869	100541	시민당	95
충청북도	4300	청주시흥덕구	280985	125782	124702	1080	155203	시민당	92
충청북도	4300	충주시	157660	81990	80482	1508	75670	시민당	78
충청북도	4300	제천시	105634	50853	49794	1059	54781	시민당	123
충청북도	4300	단양군	26425	14249	13898	351	12176	시민당	31
충청북도	4300	청원군	111765	55144	54064	1080	56621	시민당	96
충청북도	4300	영동군	41186	25535	24837	698	15651	시민당	56
충청북도	4300	보은군	29387	18963	18412	551	10424	시민당	61
충청북도	4300	옥천군	44207	26688	25816	872	17519	시민당	95
충청북도	4300	음성군	68669	32601	31894	707	36068	시민당	65
충청북도	4300	진천군	46487	24135	23690	445	22352	시민당	39
충청북도	4300	괴산군	31453	17246	16775	471	14207	시민당	46
충청북도	4300	증평군	23692	10812	10640	172	12880	시민당	20
충청북도	4300	청주시상당구	183981	83440	82571	869	100541	신미래당	54
충청북도	4300	청주시흥덕구	280985	125782	124702	1080	155203	신미래당	67
충청북도	4300	충주시	157660	81990	80482	1508	75670	신미래당	54
충청북도	4300	제천시	105634	50853	49794	1059	54781	신미래당	64
충청북도	4300	단양군	26425	14249	13898	351	12176	신미래당	32
충청북도	4300	청원군	111765	55144	54064	1080	56621	신미래당	59
충청북도	4300	영동군	41186	25535	24837	698	15651	신미래당	44
충청북도	4300	보은군	29387	18963	18412	551	10424	신미래당	42
충청북도	4300	옥천군	44207	26688	25816	872	17519	신미래당	63
충청북도	4300	음성군	68669	32601	31894	707	36068	신미래당	60
충청북도	4300	진천군	46487	24135	23690	445	22352	신미래당	22
충청북도	4300	괴산군	31453	17246	16775	471	14207	신미래당	39
충청북도	4300	증평군	23692	10812	10640	172	12880	신미래당	14
충청북도	4300	청주시상당구	183981	83440	82571	869	100541	직능연합당	72
충청북도	4300	청주시흥덕구	280985	125782	124702	1080	155203	직능연합당	111
충청북도	4300	충주시	157660	81990	80482	1508	75670	직능연합당	77
충청북도	4300	제천시	105634	50853	49794	1059	54781	직능연합당	63
충청북도	4300	단양군	26425	14249	13898	351	12176	직능연합당	21
충청북도	4300	청원군	111765	55144	54064	1080	56621	직능연합당	44
충청북도	4300	영동군	41186	25535	24837	698	15651	직능연합당	40
충청북도	4300	보은군	29387	18963	18412	551	10424	직능연합당	41
충청북도	4300	옥천군	44207	26688	25816	872	17519	직능연합당	62
충청북도	4300	음성군	68669	32601	31894	707	36068	직능연합당	47
충청북도	4300	진천군	46487	24135	23690	445	22352	직능연합당	45
충청북도	4300	괴산군	31453	17246	16775	471	14207	직능연합당	40
충청북도	4300	증평군	23692	10812	10640	172	12880	직능연합당	14
충청북도	4300	청주시상당구	183981	83440	82571	869	100541	진보신당	1828
충청북도	4300	청주시흥덕구	280985	125782	124702	1080	155203	진보신당	3351
충청북도	4300	충주시	157660	81990	80482	1508	75670	진보신당	1180
충청북도	4300	제천시	105634	50853	49794	1059	54781	진보신당	935
충청북도	4300	단양군	26425	14249	13898	351	12176	진보신당	188
충청북도	4300	청원군	111765	55144	54064	1080	56621	진보신당	1045
충청북도	4300	영동군	41186	25535	24837	698	15651	진보신당	409
충청북도	4300	보은군	29387	18963	18412	551	10424	진보신당	318
충청북도	4300	옥천군	44207	26688	25816	872	17519	진보신당	444
충청북도	4300	음성군	68669	32601	31894	707	36068	진보신당	512
충청북도	4300	진천군	46487	24135	23690	445	22352	진보신당	382
충청북도	4300	괴산군	31453	17246	16775	471	14207	진보신당	234
충청북도	4300	증평군	23692	10812	10640	172	12880	진보신당	155
충청북도	4300	청주시상당구	183981	83440	82571	869	100541	평화통일가정당	796
충청북도	4300	청주시흥덕구	280985	125782	124702	1080	155203	평화통일가정당	1163
충청북도	4300	충주시	157660	81990	80482	1508	75670	평화통일가정당	699
충청북도	4300	제천시	105634	50853	49794	1059	54781	평화통일가정당	516
충청북도	4300	단양군	26425	14249	13898	351	12176	평화통일가정당	240
충청북도	4300	청원군	111765	55144	54064	1080	56621	평화통일가정당	1854
충청북도	4300	영동군	41186	25535	24837	698	15651	평화통일가정당	441
충청북도	4300	보은군	29387	18963	18412	551	10424	평화통일가정당	345
충청북도	4300	옥천군	44207	26688	25816	872	17519	평화통일가정당	560
충청북도	4300	음성군	68669	32601	31894	707	36068	평화통일가정당	586
충청북도	4300	진천군	46487	24135	23690	445	22352	평화통일가정당	451
충청북도	4300	괴산군	31453	17246	16775	471	14207	평화통일가정당	1064
충청북도	4300	증평군	23692	10812	10640	172	12880	평화통일가정당	206
충청북도	4300	청주시상당구	183981	83440	82571	869	100541	한국사회당	131
충청북도	4300	청주시흥덕구	280985	125782	124702	1080	155203	한국사회당	178
충청북도	4300	충주시	157660	81990	80482	1508	75670	한국사회당	212
충청북도	4300	제천시	105634	50853	49794	1059	54781	한국사회당	201
충청북도	4300	단양군	26425	14249	13898	351	12176	한국사회당	88
충청북도	4300	청원군	111765	55144	54064	1080	56621	한국사회당	209
충청북도	4300	영동군	41186	25535	24837	698	15651	한국사회당	104
충청북도	4300	보은군	29387	18963	18412	551	10424	한국사회당	82
충청북도	4300	옥천군	44207	26688	25816	872	17519	한국사회당	126
충청북도	4300	음성군	68669	32601	31894	707	36068	한국사회당	123
충청북도	4300	진천군	46487	24135	23690	445	22352	한국사회당	82
충청북도	4300	괴산군	31453	17246	16775	471	14207	한국사회당	116
충청북도	4300	증평군	23692	10812	10640	172	12880	한국사회당	30
충청남도	4400	천안시	386020	162895	160539	2356	223125	통합민주당	29108
충청남도	4400	공주시	99916	47945	46703	1242	51971	통합민주당	4254
충청남도	4400	보령시	84826	43891	42387	1504	40935	통합민주당	4016
충청남도	4400	아산시	173908	78023	76426	1597	95885	통합민주당	9847
충청남도	4400	서산시	116061	56245	54647	1598	59816	통합민주당	8406
충청남도	4400	태안군	52224	28189	27105	1084	24035	통합민주당	6350
충청남도	4400	금산군	46881	22747	21902	845	24134	통합민주당	3331
충청남도	4400	연기군	62783	28523	27790	733	34260	통합민주당	3164
충청남도	4400	논산시	102326	50255	48463	1792	52071	통합민주당	9382
충청남도	4400	계룡시	26868	13402	13273	129	13466	통합민주당	2476
충청남도	4400	부여군	63242	35224	34000	1224	28018	통합민주당	2621
충청남도	4400	서천군	50516	26133	25330	803	24383	통합민주당	4598
충청남도	4400	홍성군	70372	40099	38542	1557	30273	통합민주당	3092
충청남도	4400	청양군	27910	16649	16009	640	11261	통합민주당	1047
충청남도	4400	예산군	71878	42872	41408	1464	29006	통합민주당	1949
충청남도	4400	당진군	106887	50931	49537	1394	55956	통합민주당	4404
충청남도	4400	천안시	386020	162895	160539	2356	223125	한나라당	48809
충청남도	4400	공주시	99916	47945	46703	1242	51971	한나라당	10407
충청남도	4400	보령시	84826	43891	42387	1504	40935	한나라당	11898
충청남도	4400	아산시	173908	78023	76426	1597	95885	한나라당	21949
충청남도	4400	서산시	116061	56245	54647	1598	59816	한나라당	12938
충청남도	4400	태안군	52224	28189	27105	1084	24035	한나라당	6019
충청남도	4400	금산군	46881	22747	21902	845	24134	한나라당	4730
충청남도	4400	연기군	62783	28523	27790	733	34260	한나라당	5853
충청남도	4400	논산시	102326	50255	48463	1792	52071	한나라당	11864
충청남도	4400	계룡시	26868	13402	13273	129	13466	한나라당	4701
충청남도	4400	부여군	63242	35224	34000	1224	28018	한나라당	9017
충청남도	4400	서천군	50516	26133	25330	803	24383	한나라당	6451
충청남도	4400	홍성군	70372	40099	38542	1557	30273	한나라당	14436
충청남도	4400	청양군	27910	16649	16009	640	11261	한나라당	4164
충청남도	4400	예산군	71878	42872	41408	1464	29006	한나라당	8817
충청남도	4400	당진군	106887	50931	49537	1394	55956	한나라당	14365
충청남도	4400	천안시	386020	162895	160539	2356	223125	자유선진당	44275
충청남도	4400	공주시	99916	47945	46703	1242	51971	자유선진당	22170
충청남도	4400	보령시	84826	43891	42387	1504	40935	자유선진당	18980
충청남도	4400	아산시	173908	78023	76426	1597	95885	자유선진당	26795
충청남도	4400	서산시	116061	56245	54647	1598	59816	자유선진당	22193
충청남도	4400	태안군	52224	28189	27105	1084	24035	자유선진당	9786
충청남도	4400	금산군	46881	22747	21902	845	24134	자유선진당	5443
충청남도	4400	연기군	62783	28523	27790	733	34260	자유선진당	13012
충청남도	4400	논산시	102326	50255	48463	1792	52071	자유선진당	13964
충청남도	4400	계룡시	26868	13402	13273	129	13466	자유선진당	2822
충청남도	4400	부여군	63242	35224	34000	1224	28018	자유선진당	16744
충청남도	4400	서천군	50516	26133	25330	803	24383	자유선진당	9720
충청남도	4400	홍성군	70372	40099	38542	1557	30273	자유선진당	14027
충청남도	4400	청양군	27910	16649	16009	640	11261	자유선진당	8013
충청남도	4400	예산군	71878	42872	41408	1464	29006	자유선진당	25572
충청남도	4400	당진군	106887	50931	49537	1394	55956	자유선진당	20048
충청남도	4400	천안시	386020	162895	160539	2356	223125	민주노동당	8392
충청남도	4400	공주시	99916	47945	46703	1242	51971	민주노동당	2799
충청남도	4400	보령시	84826	43891	42387	1504	40935	민주노동당	1757
충청남도	4400	아산시	173908	78023	76426	1597	95885	민주노동당	4403
충청남도	4400	서산시	116061	56245	54647	1598	59816	민주노동당	2509
충청남도	4400	태안군	52224	28189	27105	1084	24035	민주노동당	999
충청남도	4400	금산군	46881	22747	21902	845	24134	민주노동당	797
충청남도	4400	연기군	62783	28523	27790	733	34260	민주노동당	1464
충청남도	4400	논산시	102326	50255	48463	1792	52071	민주노동당	2588
충청남도	4400	계룡시	26868	13402	13273	129	13466	민주노동당	386
충청남도	4400	부여군	63242	35224	34000	1224	28018	민주노동당	1261
충청남도	4400	서천군	50516	26133	25330	803	24383	민주노동당	1062
충청남도	4400	홍성군	70372	40099	38542	1557	30273	민주노동당	1448
충청남도	4400	청양군	27910	16649	16009	640	11261	민주노동당	537
충청남도	4400	예산군	71878	42872	41408	1464	29006	민주노동당	1374
충청남도	4400	당진군	106887	50931	49537	1394	55956	민주노동당	2276
충청남도	4400	천안시	386020	162895	160539	2356	223125	창조한국당	5595
충청남도	4400	공주시	99916	47945	46703	1242	51971	창조한국당	1174
충청남도	4400	보령시	84826	43891	42387	1504	40935	창조한국당	823
충청남도	4400	아산시	173908	78023	76426	1597	95885	창조한국당	2079
충청남도	4400	서산시	116061	56245	54647	1598	59816	창조한국당	1298
충청남도	4400	태안군	52224	28189	27105	1084	24035	창조한국당	547
충청남도	4400	금산군	46881	22747	21902	845	24134	창조한국당	479
충청남도	4400	연기군	62783	28523	27790	733	34260	창조한국당	688
충청남도	4400	논산시	102326	50255	48463	1792	52071	창조한국당	1073
충청남도	4400	계룡시	26868	13402	13273	129	13466	창조한국당	516
충청남도	4400	부여군	63242	35224	34000	1224	28018	창조한국당	578
충청남도	4400	서천군	50516	26133	25330	803	24383	창조한국당	427
충청남도	4400	홍성군	70372	40099	38542	1557	30273	창조한국당	1074
충청남도	4400	청양군	27910	16649	16009	640	11261	창조한국당	239
충청남도	4400	예산군	71878	42872	41408	1464	29006	창조한국당	669
충청남도	4400	당진군	106887	50931	49537	1394	55956	창조한국당	1133
충청남도	4400	천안시	386020	162895	160539	2356	223125	친박연대	13364
충청남도	4400	공주시	99916	47945	46703	1242	51971	친박연대	3041
충청남도	4400	보령시	84826	43891	42387	1504	40935	친박연대	2436
충청남도	4400	아산시	173908	78023	76426	1597	95885	친박연대	5608
충청남도	4400	서산시	116061	56245	54647	1598	59816	친박연대	3407
충청남도	4400	태안군	52224	28189	27105	1084	24035	친박연대	1664
충청남도	4400	금산군	46881	22747	21902	845	24134	친박연대	4836
충청남도	4400	연기군	62783	28523	27790	733	34260	친박연대	1845
충청남도	4400	논산시	102326	50255	48463	1792	52071	친박연대	3422
충청남도	4400	계룡시	26868	13402	13273	129	13466	친박연대	1471
충청남도	4400	부여군	63242	35224	34000	1224	28018	친박연대	1874
충청남도	4400	서천군	50516	26133	25330	803	24383	친박연대	1404
충청남도	4400	홍성군	70372	40099	38542	1557	30273	친박연대	2237
충청남도	4400	청양군	27910	16649	16009	640	11261	친박연대	794
충청남도	4400	예산군	71878	42872	41408	1464	29006	친박연대	1395
충청남도	4400	당진군	106887	50931	49537	1394	55956	친박연대	3485
충청남도	4400	천안시	386020	162895	160539	2356	223125	국민실향안보당	153
충청남도	4400	공주시	99916	47945	46703	1242	51971	국민실향안보당	105
충청남도	4400	보령시	84826	43891	42387	1504	40935	국민실향안보당	82
충청남도	4400	아산시	173908	78023	76426	1597	95885	국민실향안보당	98
충청남도	4400	서산시	116061	56245	54647	1598	59816	국민실향안보당	76
충청남도	4400	태안군	52224	28189	27105	1084	24035	국민실향안보당	49
충청남도	4400	금산군	46881	22747	21902	845	24134	국민실향안보당	130
충청남도	4400	연기군	62783	28523	27790	733	34260	국민실향안보당	82
충청남도	4400	논산시	102326	50255	48463	1792	52071	국민실향안보당	263
충청남도	4400	계룡시	26868	13402	13273	129	13466	국민실향안보당	28
충청남도	4400	부여군	63242	35224	34000	1224	28018	국민실향안보당	105
충청남도	4400	서천군	50516	26133	25330	803	24383	국민실향안보당	46
충청남도	4400	홍성군	70372	40099	38542	1557	30273	국민실향안보당	57
충청남도	4400	청양군	27910	16649	16009	640	11261	국민실향안보당	34
충청남도	4400	예산군	71878	42872	41408	1464	29006	국민실향안보당	44
충청남도	4400	당진군	106887	50931	49537	1394	55956	국민실향안보당	137
충청남도	4400	천안시	386020	162895	160539	2356	223125	기독당	4547
충청남도	4400	공주시	99916	47945	46703	1242	51971	기독당	1118
충청남도	4400	보령시	84826	43891	42387	1504	40935	기독당	882
충청남도	4400	아산시	173908	78023	76426	1597	95885	기독당	2481
충청남도	4400	서산시	116061	56245	54647	1598	59816	기독당	1451
충청남도	4400	태안군	52224	28189	27105	1084	24035	기독당	673
충청남도	4400	금산군	46881	22747	21902	845	24134	기독당	679
충청남도	4400	연기군	62783	28523	27790	733	34260	기독당	701
충청남도	4400	논산시	102326	50255	48463	1792	52071	기독당	1952
충청남도	4400	계룡시	26868	13402	13273	129	13466	기독당	389
충청남도	4400	부여군	63242	35224	34000	1224	28018	기독당	739
충청남도	4400	서천군	50516	26133	25330	803	24383	기독당	752
충청남도	4400	홍성군	70372	40099	38542	1557	30273	기독당	733
충청남도	4400	청양군	27910	16649	16009	640	11261	기독당	356
충청남도	4400	예산군	71878	42872	41408	1464	29006	기독당	649
충청남도	4400	당진군	106887	50931	49537	1394	55956	기독당	1613
충청남도	4400	천안시	386020	162895	160539	2356	223125	문화예술당	192
충청남도	4400	공주시	99916	47945	46703	1242	51971	문화예술당	81
충청남도	4400	보령시	84826	43891	42387	1504	40935	문화예술당	46
충청남도	4400	아산시	173908	78023	76426	1597	95885	문화예술당	102
충청남도	4400	서산시	116061	56245	54647	1598	59816	문화예술당	92
충청남도	4400	태안군	52224	28189	27105	1084	24035	문화예술당	53
충청남도	4400	금산군	46881	22747	21902	845	24134	문화예술당	343
충청남도	4400	연기군	62783	28523	27790	733	34260	문화예술당	53
충청남도	4400	논산시	102326	50255	48463	1792	52071	문화예술당	1578
충청남도	4400	계룡시	26868	13402	13273	129	13466	문화예술당	88
충청남도	4400	부여군	63242	35224	34000	1224	28018	문화예술당	44
충청남도	4400	서천군	50516	26133	25330	803	24383	문화예술당	36
충청남도	4400	홍성군	70372	40099	38542	1557	30273	문화예술당	51
충청남도	4400	청양군	27910	16649	16009	640	11261	문화예술당	24
충청남도	4400	예산군	71878	42872	41408	1464	29006	문화예술당	30
충청남도	4400	당진군	106887	50931	49537	1394	55956	문화예술당	90
충청남도	4400	천안시	386020	162895	160539	2356	223125	시민당	141
충청남도	4400	공주시	99916	47945	46703	1242	51971	시민당	107
충청남도	4400	보령시	84826	43891	42387	1504	40935	시민당	70
충청남도	4400	아산시	173908	78023	76426	1597	95885	시민당	88
충청남도	4400	서산시	116061	56245	54647	1598	59816	시민당	78
충청남도	4400	태안군	52224	28189	27105	1084	24035	시민당	61
충청남도	4400	금산군	46881	22747	21902	845	24134	시민당	128
충청남도	4400	연기군	62783	28523	27790	733	34260	시민당	77
충청남도	4400	논산시	102326	50255	48463	1792	52071	시민당	218
충청남도	4400	계룡시	26868	13402	13273	129	13466	시민당	17
충청남도	4400	부여군	63242	35224	34000	1224	28018	시민당	47
충청남도	4400	서천군	50516	26133	25330	803	24383	시민당	39
충청남도	4400	홍성군	70372	40099	38542	1557	30273	시민당	45
충청남도	4400	청양군	27910	16649	16009	640	11261	시민당	24
충청남도	4400	예산군	71878	42872	41408	1464	29006	시민당	55
충청남도	4400	당진군	106887	50931	49537	1394	55956	시민당	79
충청남도	4400	천안시	386020	162895	160539	2356	223125	신미래당	93
충청남도	4400	공주시	99916	47945	46703	1242	51971	신미래당	101
충청남도	4400	보령시	84826	43891	42387	1504	40935	신미래당	59
충청남도	4400	아산시	173908	78023	76426	1597	95885	신미래당	60
충청남도	4400	서산시	116061	56245	54647	1598	59816	신미래당	60
충청남도	4400	태안군	52224	28189	27105	1084	24035	신미래당	31
충청남도	4400	금산군	46881	22747	21902	845	24134	신미래당	73
충청남도	4400	연기군	62783	28523	27790	733	34260	신미래당	76
충청남도	4400	논산시	102326	50255	48463	1792	52071	신미래당	110
충청남도	4400	계룡시	26868	13402	13273	129	13466	신미래당	5
충청남도	4400	부여군	63242	35224	34000	1224	28018	신미래당	31
충청남도	4400	서천군	50516	26133	25330	803	24383	신미래당	23
충청남도	4400	홍성군	70372	40099	38542	1557	30273	신미래당	47
충청남도	4400	청양군	27910	16649	16009	640	11261	신미래당	25
충청남도	4400	예산군	71878	42872	41408	1464	29006	신미래당	39
충청남도	4400	당진군	106887	50931	49537	1394	55956	신미래당	45
충청남도	4400	천안시	386020	162895	160539	2356	223125	직능연합당	133
충청남도	4400	공주시	99916	47945	46703	1242	51971	직능연합당	59
충청남도	4400	보령시	84826	43891	42387	1504	40935	직능연합당	51
충청남도	4400	아산시	173908	78023	76426	1597	95885	직능연합당	93
충청남도	4400	서산시	116061	56245	54647	1598	59816	직능연합당	67
충청남도	4400	태안군	52224	28189	27105	1084	24035	직능연합당	40
충청남도	4400	금산군	46881	22747	21902	845	24134	직능연합당	52
충청남도	4400	연기군	62783	28523	27790	733	34260	직능연합당	40
충청남도	4400	논산시	102326	50255	48463	1792	52071	직능연합당	95
충청남도	4400	계룡시	26868	13402	13273	129	13466	직능연합당	10
충청남도	4400	부여군	63242	35224	34000	1224	28018	직능연합당	48
충청남도	4400	서천군	50516	26133	25330	803	24383	직능연합당	34
충청남도	4400	홍성군	70372	40099	38542	1557	30273	직능연합당	66
충청남도	4400	청양군	27910	16649	16009	640	11261	직능연합당	30
충청남도	4400	예산군	71878	42872	41408	1464	29006	직능연합당	42
충청남도	4400	당진군	106887	50931	49537	1394	55956	직능연합당	47
충청남도	4400	천안시	386020	162895	160539	2356	223125	진보신당	3542
충청남도	4400	공주시	99916	47945	46703	1242	51971	진보신당	685
충청남도	4400	보령시	84826	43891	42387	1504	40935	진보신당	554
충청남도	4400	아산시	173908	78023	76426	1597	95885	진보신당	1559
충청남도	4400	서산시	116061	56245	54647	1598	59816	진보신당	1012
충청남도	4400	태안군	52224	28189	27105	1084	24035	진보신당	370
충청남도	4400	금산군	46881	22747	21902	845	24134	진보신당	268
충청남도	4400	연기군	62783	28523	27790	733	34260	진보신당	363
충청남도	4400	논산시	102326	50255	48463	1792	52071	진보신당	614
충청남도	4400	계룡시	26868	13402	13273	129	13466	진보신당	215
충청남도	4400	부여군	63242	35224	34000	1224	28018	진보신당	411
충청남도	4400	서천군	50516	26133	25330	803	24383	진보신당	314
충청남도	4400	홍성군	70372	40099	38542	1557	30273	진보신당	561
충청남도	4400	청양군	27910	16649	16009	640	11261	진보신당	202
충청남도	4400	예산군	71878	42872	41408	1464	29006	진보신당	439
충청남도	4400	당진군	106887	50931	49537	1394	55956	진보신당	1302
충청남도	4400	천안시	386020	162895	160539	2356	223125	평화통일가정당	1975
충청남도	4400	공주시	99916	47945	46703	1242	51971	평화통일가정당	491
충청남도	4400	보령시	84826	43891	42387	1504	40935	평화통일가정당	611
충청남도	4400	아산시	173908	78023	76426	1597	95885	평화통일가정당	1168
충청남도	4400	서산시	116061	56245	54647	1598	59816	평화통일가정당	896
충청남도	4400	태안군	52224	28189	27105	1084	24035	평화통일가정당	313
충청남도	4400	금산군	46881	22747	21902	845	24134	평화통일가정당	489
충청남도	4400	연기군	62783	28523	27790	733	34260	평화통일가정당	298
충청남도	4400	논산시	102326	50255	48463	1792	52071	평화통일가정당	1017
충청남도	4400	계룡시	26868	13402	13273	129	13466	평화통일가정당	122
충청남도	4400	부여군	63242	35224	34000	1224	28018	평화통일가정당	374
충청남도	4400	서천군	50516	26133	25330	803	24383	평화통일가정당	332
충청남도	4400	홍성군	70372	40099	38542	1557	30273	평화통일가정당	535
충청남도	4400	청양군	27910	16649	16009	640	11261	평화통일가정당	440
충청남도	4400	예산군	71878	42872	41408	1464	29006	평화통일가정당	243
충청남도	4400	당진군	106887	50931	49537	1394	55956	평화통일가정당	408
충청남도	4400	천안시	386020	162895	160539	2356	223125	한국사회당	220
충청남도	4400	공주시	99916	47945	46703	1242	51971	한국사회당	111
충청남도	4400	보령시	84826	43891	42387	1504	40935	한국사회당	122
충청남도	4400	아산시	173908	78023	76426	1597	95885	한국사회당	96
충청남도	4400	서산시	116061	56245	54647	1598	59816	한국사회당	164
충청남도	4400	태안군	52224	28189	27105	1084	24035	한국사회당	150
충청남도	4400	금산군	46881	22747	21902	845	24134	한국사회당	124
충청남도	4400	연기군	62783	28523	27790	733	34260	한국사회당	74
충청남도	4400	논산시	102326	50255	48463	1792	52071	한국사회당	323
충청남도	4400	계룡시	26868	13402	13273	129	13466	한국사회당	27
충청남도	4400	부여군	63242	35224	34000	1224	28018	한국사회당	106
충청남도	4400	서천군	50516	26133	25330	803	24383	한국사회당	92
충청남도	4400	홍성군	70372	40099	38542	1557	30273	한국사회당	133
충청남도	4400	청양군	27910	16649	16009	640	11261	한국사회당	80
충청남도	4400	예산군	71878	42872	41408	1464	29006	한국사회당	91
충청남도	4400	당진군	106887	50931	49537	1394	55956	한국사회당	105
전라북도	4500	전주시완산구	256715	111898	110214	1684	144817	통합민주당	72571
전라북도	4500	전주시덕진구	204170	89327	87950	1377	114843	통합민주당	55815
전라북도	4500	군산시	200010	95623	93169	2454	104387	통합민주당	57861
전라북도	4500	익산시	234555	99513	97520	1993	135042	통합민주당	62745
전라북도	4500	정읍시	97189	55821	53941	1880	41368	통합민주당	35462
전라북도	4500	남원시	69690	41533	40151	1382	28157	통합민주당	26961
전라북도	4500	김제시	79315	39102	38147	955	40213	통합민주당	24290
전라북도	4500	완주군	66180	31257	30353	904	34923	통합민주당	17641
전라북도	4500	진안군	23217	12851	12437	414	10366	통합민주당	8301
전라북도	4500	무주군	20957	11581	11141	440	9376	통합민주당	7246
전라북도	4500	장수군	20101	11048	10648	400	9053	통합민주당	6653
전라북도	4500	임실군	26879	13767	13391	376	13112	통합민주당	8842
전라북도	4500	순창군	25178	16100	15545	555	9078	통합민주당	9564
전라북도	4500	고창군	49730	23737	22929	808	25993	통합민주당	15774
전라북도	4500	부안군	50515	23556	22862	694	26959	통합민주당	14937
전라북도	4500	전주시완산구	256715	111898	110214	1684	144817	한나라당	9850
전라북도	4500	전주시덕진구	204170	89327	87950	1377	114843	한나라당	7356
전라북도	4500	군산시	200010	95623	93169	2454	104387	한나라당	12033
전라북도	4500	익산시	234555	99513	97520	1993	135042	한나라당	9150
전라북도	4500	정읍시	97189	55821	53941	1880	41368	한나라당	3269
전라북도	4500	남원시	69690	41533	40151	1382	28157	한나라당	3714
전라북도	4500	김제시	79315	39102	38147	955	40213	한나라당	3556
전라북도	4500	완주군	66180	31257	30353	904	34923	한나라당	2262
전라북도	4500	진안군	23217	12851	12437	414	10366	한나라당	962
전라북도	4500	무주군	20957	11581	11141	440	9376	한나라당	1404
전라북도	4500	장수군	20101	11048	10648	400	9053	한나라당	844
전라북도	4500	임실군	26879	13767	13391	376	13112	한나라당	1039
전라북도	4500	순창군	25178	16100	15545	555	9078	한나라당	905
전라북도	4500	고창군	49730	23737	22929	808	25993	한나라당	1624
전라북도	4500	부안군	50515	23556	22862	694	26959	한나라당	3123
전라북도	4500	전주시완산구	256715	111898	110214	1684	144817	자유선진당	1875
전라북도	4500	전주시덕진구	204170	89327	87950	1377	114843	자유선진당	1376
전라북도	4500	군산시	200010	95623	93169	2454	104387	자유선진당	1444
전라북도	4500	익산시	234555	99513	97520	1993	135042	자유선진당	1395
전라북도	4500	정읍시	97189	55821	53941	1880	41368	자유선진당	719
전라북도	4500	남원시	69690	41533	40151	1382	28157	자유선진당	563
전라북도	4500	김제시	79315	39102	38147	955	40213	자유선진당	561
전라북도	4500	완주군	66180	31257	30353	904	34923	자유선진당	446
전라북도	4500	진안군	23217	12851	12437	414	10366	자유선진당	293
전라북도	4500	무주군	20957	11581	11141	440	9376	자유선진당	318
전라북도	4500	장수군	20101	11048	10648	400	9053	자유선진당	294
전라북도	4500	임실군	26879	13767	13391	376	13112	자유선진당	663
전라북도	4500	순창군	25178	16100	15545	555	9078	자유선진당	170
전라북도	4500	고창군	49730	23737	22929	808	25993	자유선진당	363
전라북도	4500	부안군	50515	23556	22862	694	26959	자유선진당	367
전라북도	4500	전주시완산구	256715	111898	110214	1684	144817	민주노동당	6571
전라북도	4500	전주시덕진구	204170	89327	87950	1377	114843	민주노동당	5806
전라북도	4500	군산시	200010	95623	93169	2454	104387	민주노동당	6546
전라북도	4500	익산시	234555	99513	97520	1993	135042	민주노동당	8155
전라북도	4500	정읍시	97189	55821	53941	1880	41368	민주노동당	4743
전라북도	4500	남원시	69690	41533	40151	1382	28157	민주노동당	2493
전라북도	4500	김제시	79315	39102	38147	955	40213	민주노동당	3502
전라북도	4500	완주군	66180	31257	30353	904	34923	민주노동당	3856
전라북도	4500	진안군	23217	12851	12437	414	10366	민주노동당	718
전라북도	4500	무주군	20957	11581	11141	440	9376	민주노동당	604
전라북도	4500	장수군	20101	11048	10648	400	9053	민주노동당	817
전라북도	4500	임실군	26879	13767	13391	376	13112	민주노동당	847
전라북도	4500	순창군	25178	16100	15545	555	9078	민주노동당	1255
전라북도	4500	고창군	49730	23737	22929	808	25993	민주노동당	1598
전라북도	4500	부안군	50515	23556	22862	694	26959	민주노동당	1536
전라북도	4500	전주시완산구	256715	111898	110214	1684	144817	창조한국당	4460
전라북도	4500	전주시덕진구	204170	89327	87950	1377	114843	창조한국당	3462
전라북도	4500	군산시	200010	95623	93169	2454	104387	창조한국당	2620
전라북도	4500	익산시	234555	99513	97520	1993	135042	창조한국당	2984
전라북도	4500	정읍시	97189	55821	53941	1880	41368	창조한국당	1127
전라북도	4500	남원시	69690	41533	40151	1382	28157	창조한국당	743
전라북도	4500	김제시	79315	39102	38147	955	40213	창조한국당	903
전라북도	4500	완주군	66180	31257	30353	904	34923	창조한국당	837
전라북도	4500	진안군	23217	12851	12437	414	10366	창조한국당	375
전라북도	4500	무주군	20957	11581	11141	440	9376	창조한국당	266
전라북도	4500	장수군	20101	11048	10648	400	9053	창조한국당	230
전라북도	4500	임실군	26879	13767	13391	376	13112	창조한국당	265
전라북도	4500	순창군	25178	16100	15545	555	9078	창조한국당	217
전라북도	4500	고창군	49730	23737	22929	808	25993	창조한국당	388
전라북도	4500	부안군	50515	23556	22862	694	26959	창조한국당	458
전라북도	4500	전주시완산구	256715	111898	110214	1684	144817	친박연대	2554
전라북도	4500	전주시덕진구	204170	89327	87950	1377	114843	친박연대	2208
전라북도	4500	군산시	200010	95623	93169	2454	104387	친박연대	2114
전라북도	4500	익산시	234555	99513	97520	1993	135042	친박연대	2122
전라북도	4500	정읍시	97189	55821	53941	1880	41368	친박연대	1038
전라북도	4500	남원시	69690	41533	40151	1382	28157	친박연대	793
전라북도	4500	김제시	79315	39102	38147	955	40213	친박연대	840
전라북도	4500	완주군	66180	31257	30353	904	34923	친박연대	640
전라북도	4500	진안군	23217	12851	12437	414	10366	친박연대	340
전라북도	4500	무주군	20957	11581	11141	440	9376	친박연대	336
전라북도	4500	장수군	20101	11048	10648	400	9053	친박연대	379
전라북도	4500	임실군	26879	13767	13391	376	13112	친박연대	339
전라북도	4500	순창군	25178	16100	15545	555	9078	친박연대	611
전라북도	4500	고창군	49730	23737	22929	808	25993	친박연대	646
전라북도	4500	부안군	50515	23556	22862	694	26959	친박연대	533
전라북도	4500	전주시완산구	256715	111898	110214	1684	144817	국민실향안보당	385
전라북도	4500	전주시덕진구	204170	89327	87950	1377	114843	국민실향안보당	172
전라북도	4500	군산시	200010	95623	93169	2454	104387	국민실향안보당	2221
전라북도	4500	익산시	234555	99513	97520	1993	135042	국민실향안보당	1149
전라북도	4500	정읍시	97189	55821	53941	1880	41368	국민실향안보당	2907
전라북도	4500	남원시	69690	41533	40151	1382	28157	국민실향안보당	98
전라북도	4500	김제시	79315	39102	38147	955	40213	국민실향안보당	658
전라북도	4500	완주군	66180	31257	30353	904	34923	국민실향안보당	1682
전라북도	4500	진안군	23217	12851	12437	414	10366	국민실향안보당	28
전라북도	4500	무주군	20957	11581	11141	440	9376	국민실향안보당	10
전라북도	4500	장수군	20101	11048	10648	400	9053	국민실향안보당	20
전라북도	4500	임실군	26879	13767	13391	376	13112	국민실향안보당	25
전라북도	4500	순창군	25178	16100	15545	555	9078	국민실향안보당	62
전라북도	4500	고창군	49730	23737	22929	808	25993	국민실향안보당	35
전라북도	4500	부안군	50515	23556	22862	694	26959	국민실향안보당	33
전라북도	4500	전주시완산구	256715	111898	110214	1684	144817	기독당	5815
전라북도	4500	전주시덕진구	204170	89327	87950	1377	114843	기독당	5997
전라북도	4500	군산시	200010	95623	93169	2454	104387	기독당	5008
전라북도	4500	익산시	234555	99513	97520	1993	135042	기독당	5417
전라북도	4500	정읍시	97189	55821	53941	1880	41368	기독당	1780
전라북도	4500	남원시	69690	41533	40151	1382	28157	기독당	2308
전라북도	4500	김제시	79315	39102	38147	955	40213	기독당	1600
전라북도	4500	완주군	66180	31257	30353	904	34923	기독당	1451
전라북도	4500	진안군	23217	12851	12437	414	10366	기독당	329
전라북도	4500	무주군	20957	11581	11141	440	9376	기독당	258
전라북도	4500	장수군	20101	11048	10648	400	9053	기독당	221
전라북도	4500	임실군	26879	13767	13391	376	13112	기독당	374
전라북도	4500	순창군	25178	16100	15545	555	9078	기독당	858
전라북도	4500	고창군	49730	23737	22929	808	25993	기독당	764
전라북도	4500	부안군	50515	23556	22862	694	26959	기독당	694
전라북도	4500	전주시완산구	256715	111898	110214	1684	144817	문화예술당	198
전라북도	4500	전주시덕진구	204170	89327	87950	1377	114843	문화예술당	126
전라북도	4500	군산시	200010	95623	93169	2454	104387	문화예술당	136
전라북도	4500	익산시	234555	99513	97520	1993	135042	문화예술당	535
전라북도	4500	정읍시	97189	55821	53941	1880	41368	문화예술당	164
전라북도	4500	남원시	69690	41533	40151	1382	28157	문화예술당	75
전라북도	4500	김제시	79315	39102	38147	955	40213	문화예술당	158
전라북도	4500	완주군	66180	31257	30353	904	34923	문화예술당	109
전라북도	4500	진안군	23217	12851	12437	414	10366	문화예술당	16
전라북도	4500	무주군	20957	11581	11141	440	9376	문화예술당	13
전라북도	4500	장수군	20101	11048	10648	400	9053	문화예술당	30
전라북도	4500	임실군	26879	13767	13391	376	13112	문화예술당	42
전라북도	4500	순창군	25178	16100	15545	555	9078	문화예술당	111
전라북도	4500	고창군	49730	23737	22929	808	25993	문화예술당	52
전라북도	4500	부안군	50515	23556	22862	694	26959	문화예술당	42
전라북도	4500	전주시완산구	256715	111898	110214	1684	144817	시민당	154
전라북도	4500	전주시덕진구	204170	89327	87950	1377	114843	시민당	110
전라북도	4500	군산시	200010	95623	93169	2454	104387	시민당	132
전라북도	4500	익산시	234555	99513	97520	1993	135042	시민당	160
전라북도	4500	정읍시	97189	55821	53941	1880	41368	시민당	135
전라북도	4500	남원시	69690	41533	40151	1382	28157	시민당	116
전라북도	4500	김제시	79315	39102	38147	955	40213	시민당	67
전라북도	4500	완주군	66180	31257	30353	904	34923	시민당	93
전라북도	4500	진안군	23217	12851	12437	414	10366	시민당	19
전라북도	4500	무주군	20957	11581	11141	440	9376	시민당	11
전라북도	4500	장수군	20101	11048	10648	400	9053	시민당	27
전라북도	4500	임실군	26879	13767	13391	376	13112	시민당	32
전라북도	4500	순창군	25178	16100	15545	555	9078	시민당	62
전라북도	4500	고창군	49730	23737	22929	808	25993	시민당	51
전라북도	4500	부안군	50515	23556	22862	694	26959	시민당	31
전라북도	4500	전주시완산구	256715	111898	110214	1684	144817	신미래당	57
전라북도	4500	전주시덕진구	204170	89327	87950	1377	114843	신미래당	35
전라북도	4500	군산시	200010	95623	93169	2454	104387	신미래당	61
전라북도	4500	익산시	234555	99513	97520	1993	135042	신미래당	57
전라북도	4500	정읍시	97189	55821	53941	1880	41368	신미래당	75
전라북도	4500	남원시	69690	41533	40151	1382	28157	신미래당	60
전라북도	4500	김제시	79315	39102	38147	955	40213	신미래당	33
전라북도	4500	완주군	66180	31257	30353	904	34923	신미래당	47
전라북도	4500	진안군	23217	12851	12437	414	10366	신미래당	15
전라북도	4500	무주군	20957	11581	11141	440	9376	신미래당	15
전라북도	4500	장수군	20101	11048	10648	400	9053	신미래당	16
전라북도	4500	임실군	26879	13767	13391	376	13112	신미래당	17
전라북도	4500	순창군	25178	16100	15545	555	9078	신미래당	37
전라북도	4500	고창군	49730	23737	22929	808	25993	신미래당	25
전라북도	4500	부안군	50515	23556	22862	694	26959	신미래당	23
전라북도	4500	전주시완산구	256715	111898	110214	1684	144817	직능연합당	118
전라북도	4500	전주시덕진구	204170	89327	87950	1377	114843	직능연합당	66
전라북도	4500	군산시	200010	95623	93169	2454	104387	직능연합당	70
전라북도	4500	익산시	234555	99513	97520	1993	135042	직능연합당	111
전라북도	4500	정읍시	97189	55821	53941	1880	41368	직능연합당	91
전라북도	4500	남원시	69690	41533	40151	1382	28157	직능연합당	72
전라북도	4500	김제시	79315	39102	38147	955	40213	직능연합당	53
전라북도	4500	완주군	66180	31257	30353	904	34923	직능연합당	49
전라북도	4500	진안군	23217	12851	12437	414	10366	직능연합당	20
전라북도	4500	무주군	20957	11581	11141	440	9376	직능연합당	19
전라북도	4500	장수군	20101	11048	10648	400	9053	직능연합당	23
전라북도	4500	임실군	26879	13767	13391	376	13112	직능연합당	29
전라북도	4500	순창군	25178	16100	15545	555	9078	직능연합당	49
전라북도	4500	고창군	49730	23737	22929	808	25993	직능연합당	36
전라북도	4500	부안군	50515	23556	22862	694	26959	직능연합당	38
전라북도	4500	전주시완산구	256715	111898	110214	1684	144817	진보신당	3848
전라북도	4500	전주시덕진구	204170	89327	87950	1377	114843	진보신당	4044
전라북도	4500	군산시	200010	95623	93169	2454	104387	진보신당	1772
전라북도	4500	익산시	234555	99513	97520	1993	135042	진보신당	2016
전라북도	4500	정읍시	97189	55821	53941	1880	41368	진보신당	797
전라북도	4500	남원시	69690	41533	40151	1382	28157	진보신당	673
전라북도	4500	김제시	79315	39102	38147	955	40213	진보신당	679
전라북도	4500	완주군	66180	31257	30353	904	34923	진보신당	636
전라북도	4500	진안군	23217	12851	12437	414	10366	진보신당	231
전라북도	4500	무주군	20957	11581	11141	440	9376	진보신당	172
전라북도	4500	장수군	20101	11048	10648	400	9053	진보신당	218
전라북도	4500	임실군	26879	13767	13391	376	13112	진보신당	233
전라북도	4500	순창군	25178	16100	15545	555	9078	진보신당	172
전라북도	4500	고창군	49730	23737	22929	808	25993	진보신당	273
전라북도	4500	부안군	50515	23556	22862	694	26959	진보신당	384
전라북도	4500	전주시완산구	256715	111898	110214	1684	144817	평화통일가정당	1538
전라북도	4500	전주시덕진구	204170	89327	87950	1377	114843	평화통일가정당	1213
전라북도	4500	군산시	200010	95623	93169	2454	104387	평화통일가정당	876
전라북도	4500	익산시	234555	99513	97520	1993	135042	평화통일가정당	1211
전라북도	4500	정읍시	97189	55821	53941	1880	41368	평화통일가정당	1224
전라북도	4500	남원시	69690	41533	40151	1382	28157	평화통일가정당	1055
전라북도	4500	김제시	79315	39102	38147	955	40213	평화통일가정당	1032
전라북도	4500	완주군	66180	31257	30353	904	34923	평화통일가정당	439
전라북도	4500	진안군	23217	12851	12437	414	10366	평화통일가정당	623
전라북도	4500	무주군	20957	11581	11141	440	9376	평화통일가정당	361
전라북도	4500	장수군	20101	11048	10648	400	9053	평화통일가정당	715
전라북도	4500	임실군	26879	13767	13391	376	13112	평화통일가정당	459
전라북도	4500	순창군	25178	16100	15545	555	9078	평화통일가정당	1263
전라북도	4500	고창군	49730	23737	22929	808	25993	평화통일가정당	1078
전라북도	4500	부안군	50515	23556	22862	694	26959	평화통일가정당	493
전라북도	4500	전주시완산구	256715	111898	110214	1684	144817	한국사회당	220
전라북도	4500	전주시덕진구	204170	89327	87950	1377	114843	한국사회당	164
전라북도	4500	군산시	200010	95623	93169	2454	104387	한국사회당	275
전라북도	4500	익산시	234555	99513	97520	1993	135042	한국사회당	313
전라북도	4500	정읍시	97189	55821	53941	1880	41368	한국사회당	410
전라북도	4500	남원시	69690	41533	40151	1382	28157	한국사회당	427
전라북도	4500	김제시	79315	39102	38147	955	40213	한국사회당	215
전라북도	4500	완주군	66180	31257	30353	904	34923	한국사회당	165
전라북도	4500	진안군	23217	12851	12437	414	10366	한국사회당	167
전라북도	4500	무주군	20957	11581	11141	440	9376	한국사회당	108
전라북도	4500	장수군	20101	11048	10648	400	9053	한국사회당	161
전라북도	4500	임실군	26879	13767	13391	376	13112	한국사회당	185
전라북도	4500	순창군	25178	16100	15545	555	9078	한국사회당	209
전라북도	4500	고창군	49730	23737	22929	808	25993	한국사회당	222
전라북도	4500	부안군	50515	23556	22862	694	26959	한국사회당	170
전라남도	4600	목포시	179322	87447	85453	1994	91875	통합민주당	59219
전라남도	4600	여수시	223177	96153	94283	1870	127024	통합민주당	66563
전라남도	4600	순천시	196170	85086	83502	1584	111084	통합민주당	55377
전라남도	4600	나주시	77569	40867	39827	1040	36702	통합민주당	28573
전라남도	4600	광양시	98762	46718	45996	722	52044	통합민주당	26582
전라남도	4600	담양군	41211	20468	19844	624	20743	통합민주당	14365
전라남도	4600	장성군	38498	18518	18105	413	19980	통합민주당	13098
전라남도	4600	곡성군	27362	15349	14778	571	12013	통합민주당	9556
전라남도	4600	구례군	23033	12340	12003	337	10693	통합민주당	8300
전라남도	4600	고흥군	66032	42078	40001	2077	23954	통합민주당	28568
전라남도	4600	보성군	42180	24358	23517	841	17822	통합민주당	13540
전라남도	4600	화순군	55187	28213	27526	687	26974	통합민주당	17059
전라남도	4600	장흥군	35284	18201	17699	502	17083	통합민주당	10657
전라남도	4600	강진군	33455	16798	16253	545	16657	통합민주당	10666
전라남도	4600	완도군	46116	25765	24467	1298	20351	통합민주당	15925
전라남도	4600	해남군	66838	34016	32866	1150	32822	통합민주당	22378
전라남도	4600	진도군	28856	14804	14263	541	14052	통합민주당	9803
전라남도	4600	영암군	47102	22368	21758	610	24734	통합민주당	15393
전라남도	4600	무안군	52690	30740	29538	1202	21950	통합민주당	17835
전라남도	4600	영광군	47106	27030	26209	821	20076	통합민주당	17786
전라남도	4600	함평군	31636	18759	18133	626	12877	통합민주당	12169
전라남도	4600	신안군	39302	22658	21728	930	16644	통합민주당	13378
전라남도	4600	목포시	179322	87447	85453	1994	91875	한나라당	4085
전라남도	4600	여수시	223177	96153	94283	1870	127024	한나라당	5670
전라남도	4600	순천시	196170	85086	83502	1584	111084	한나라당	4750
전라남도	4600	나주시	77569	40867	39827	1040	36702	한나라당	1820
전라남도	4600	광양시	98762	46718	45996	722	52044	한나라당	5475
전라남도	4600	담양군	41211	20468	19844	624	20743	한나라당	1652
전라남도	4600	장성군	38498	18518	18105	413	19980	한나라당	1190
전라남도	4600	곡성군	27362	15349	14778	571	12013	한나라당	1494
전라남도	4600	구례군	23033	12340	12003	337	10693	한나라당	862
전라남도	4600	고흥군	66032	42078	40001	2077	23954	한나라당	2358
전라남도	4600	보성군	42180	24358	23517	841	17822	한나라당	1915
전라남도	4600	화순군	55187	28213	27526	687	26974	한나라당	2149
전라남도	4600	장흥군	35284	18201	17699	502	17083	한나라당	1051
전라남도	4600	강진군	33455	16798	16253	545	16657	한나라당	1120
전라남도	4600	완도군	46116	25765	24467	1298	20351	한나라당	1126
전라남도	4600	해남군	66838	34016	32866	1150	32822	한나라당	1858
전라남도	4600	진도군	28856	14804	14263	541	14052	한나라당	840
전라남도	4600	영암군	47102	22368	21758	610	24734	한나라당	1370
전라남도	4600	무안군	52690	30740	29538	1202	21950	한나라당	1648
전라남도	4600	영광군	47106	27030	26209	821	20076	한나라당	1497
전라남도	4600	함평군	31636	18759	18133	626	12877	한나라당	786
전라남도	4600	신안군	39302	22658	21728	930	16644	한나라당	1540
전라남도	4600	목포시	179322	87447	85453	1994	91875	자유선진당	718
전라남도	4600	여수시	223177	96153	94283	1870	127024	자유선진당	855
전라남도	4600	순천시	196170	85086	83502	1584	111084	자유선진당	811
전라남도	4600	나주시	77569	40867	39827	1040	36702	자유선진당	357
전라남도	4600	광양시	98762	46718	45996	722	52044	자유선진당	734
전라남도	4600	담양군	41211	20468	19844	624	20743	자유선진당	242
전라남도	4600	장성군	38498	18518	18105	413	19980	자유선진당	176
전라남도	4600	곡성군	27362	15349	14778	571	12013	자유선진당	166
전라남도	4600	구례군	23033	12340	12003	337	10693	자유선진당	134
전라남도	4600	고흥군	66032	42078	40001	2077	23954	자유선진당	384
전라남도	4600	보성군	42180	24358	23517	841	17822	자유선진당	230
전라남도	4600	화순군	55187	28213	27526	687	26974	자유선진당	350
전라남도	4600	장흥군	35284	18201	17699	502	17083	자유선진당	281
전라남도	4600	강진군	33455	16798	16253	545	16657	자유선진당	226
전라남도	4600	완도군	46116	25765	24467	1298	20351	자유선진당	241
전라남도	4600	해남군	66838	34016	32866	1150	32822	자유선진당	384
전라남도	4600	진도군	28856	14804	14263	541	14052	자유선진당	138
전라남도	4600	영암군	47102	22368	21758	610	24734	자유선진당	298
전라남도	4600	무안군	52690	30740	29538	1202	21950	자유선진당	312
전라남도	4600	영광군	47106	27030	26209	821	20076	자유선진당	282
전라남도	4600	함평군	31636	18759	18133	626	12877	자유선진당	162
전라남도	4600	신안군	39302	22658	21728	930	16644	자유선진당	240
전라남도	4600	목포시	179322	87447	85453	1994	91875	민주노동당	8741
전라남도	4600	여수시	223177	96153	94283	1870	127024	민주노동당	6674
전라남도	4600	순천시	196170	85086	83502	1584	111084	민주노동당	9737
전라남도	4600	나주시	77569	40867	39827	1040	36702	민주노동당	5555
전라남도	4600	광양시	98762	46718	45996	722	52044	민주노동당	6274
전라남도	4600	담양군	41211	20468	19844	624	20743	민주노동당	1293
전라남도	4600	장성군	38498	18518	18105	413	19980	민주노동당	1016
전라남도	4600	곡성군	27362	15349	14778	571	12013	민주노동당	1221
전라남도	4600	구례군	23033	12340	12003	337	10693	민주노동당	878
전라남도	4600	고흥군	66032	42078	40001	2077	23954	민주노동당	2883
전라남도	4600	보성군	42180	24358	23517	841	17822	민주노동당	4234
전라남도	4600	화순군	55187	28213	27526	687	26974	민주노동당	4481
전라남도	4600	장흥군	35284	18201	17699	502	17083	민주노동당	2749
전라남도	4600	강진군	33455	16798	16253	545	16657	민주노동당	1362
전라남도	4600	완도군	46116	25765	24467	1298	20351	민주노동당	1630
전라남도	4600	해남군	66838	34016	32866	1150	32822	민주노동당	3288
전라남도	4600	진도군	28856	14804	14263	541	14052	민주노동당	1143
전라남도	4600	영암군	47102	22368	21758	610	24734	민주노동당	2045
전라남도	4600	무안군	52690	30740	29538	1202	21950	민주노동당	2686
전라남도	4600	영광군	47106	27030	26209	821	20076	민주노동당	2461
전라남도	4600	함평군	31636	18759	18133	626	12877	민주노동당	1234
전라남도	4600	신안군	39302	22658	21728	930	16644	민주노동당	1829
전라남도	4600	목포시	179322	87447	85453	1994	91875	창조한국당	2048
전라남도	4600	여수시	223177	96153	94283	1870	127024	창조한국당	2320
전라남도	4600	순천시	196170	85086	83502	1584	111084	창조한국당	2687
전라남도	4600	나주시	77569	40867	39827	1040	36702	창조한국당	725
전라남도	4600	광양시	98762	46718	45996	722	52044	창조한국당	1614
전라남도	4600	담양군	41211	20468	19844	624	20743	창조한국당	400
전라남도	4600	장성군	38498	18518	18105	413	19980	창조한국당	490
전라남도	4600	곡성군	27362	15349	14778	571	12013	창조한국당	242
전라남도	4600	구례군	23033	12340	12003	337	10693	창조한국당	206
전라남도	4600	고흥군	66032	42078	40001	2077	23954	창조한국당	584
전라남도	4600	보성군	42180	24358	23517	841	17822	창조한국당	415
전라남도	4600	화순군	55187	28213	27526	687	26974	창조한국당	748
전라남도	4600	장흥군	35284	18201	17699	502	17083	창조한국당	387
전라남도	4600	강진군	33455	16798	16253	545	16657	창조한국당	338
전라남도	4600	완도군	46116	25765	24467	1298	20351	창조한국당	381
전라남도	4600	해남군	66838	34016	32866	1150	32822	창조한국당	617
전라남도	4600	진도군	28856	14804	14263	541	14052	창조한국당	249
전라남도	4600	영암군	47102	22368	21758	610	24734	창조한국당	485
전라남도	4600	무안군	52690	30740	29538	1202	21950	창조한국당	634
전라남도	4600	영광군	47106	27030	26209	821	20076	창조한국당	586
전라남도	4600	함평군	31636	18759	18133	626	12877	창조한국당	295
전라남도	4600	신안군	39302	22658	21728	930	16644	창조한국당	354
전라남도	4600	목포시	179322	87447	85453	1994	91875	친박연대	1207
전라남도	4600	여수시	223177	96153	94283	1870	127024	친박연대	1528
전라남도	4600	순천시	196170	85086	83502	1584	111084	친박연대	1637
전라남도	4600	나주시	77569	40867	39827	1040	36702	친박연대	444
전라남도	4600	광양시	98762	46718	45996	722	52044	친박연대	1413
전라남도	4600	담양군	41211	20468	19844	624	20743	친박연대	408
전라남도	4600	장성군	38498	18518	18105	413	19980	친박연대	377
전라남도	4600	곡성군	27362	15349	14778	571	12013	친박연대	430
전라남도	4600	구례군	23033	12340	12003	337	10693	친박연대	292
전라남도	4600	고흥군	66032	42078	40001	2077	23954	친박연대	485
전라남도	4600	보성군	42180	24358	23517	841	17822	친박연대	365
전라남도	4600	화순군	55187	28213	27526	687	26974	친박연대	400
전라남도	4600	장흥군	35284	18201	17699	502	17083	친박연대	281
전라남도	4600	강진군	33455	16798	16253	545	16657	친박연대	425
전라남도	4600	완도군	46116	25765	24467	1298	20351	친박연대	345
전라남도	4600	해남군	66838	34016	32866	1150	32822	친박연대	617
전라남도	4600	진도군	28856	14804	14263	541	14052	친박연대	205
전라남도	4600	영암군	47102	22368	21758	610	24734	친박연대	365
전라남도	4600	무안군	52690	30740	29538	1202	21950	친박연대	569
전라남도	4600	영광군	47106	27030	26209	821	20076	친박연대	507
전라남도	4600	함평군	31636	18759	18133	626	12877	친박연대	216
전라남도	4600	신안군	39302	22658	21728	930	16644	친박연대	368
전라남도	4600	목포시	179322	87447	85453	1994	91875	국민실향안보당	3065
전라남도	4600	여수시	223177	96153	94283	1870	127024	국민실향안보당	450
전라남도	4600	순천시	196170	85086	83502	1584	111084	국민실향안보당	73
전라남도	4600	나주시	77569	40867	39827	1040	36702	국민실향안보당	52
전라남도	4600	광양시	98762	46718	45996	722	52044	국민실향안보당	57
전라남도	4600	담양군	41211	20468	19844	624	20743	국민실향안보당	21
전라남도	4600	장성군	38498	18518	18105	413	19980	국민실향안보당	295
전라남도	4600	곡성군	27362	15349	14778	571	12013	국민실향안보당	27
전라남도	4600	구례군	23033	12340	12003	337	10693	국민실향안보당	15
전라남도	4600	고흥군	66032	42078	40001	2077	23954	국민실향안보당	2153
전라남도	4600	보성군	42180	24358	23517	841	17822	국민실향안보당	1083
전라남도	4600	화순군	55187	28213	27526	687	26974	국민실향안보당	47
전라남도	4600	장흥군	35284	18201	17699	502	17083	국민실향안보당	118
전라남도	4600	강진군	33455	16798	16253	545	16657	국민실향안보당	177
전라남도	4600	완도군	46116	25765	24467	1298	20351	국민실향안보당	2579
전라남도	4600	해남군	66838	34016	32866	1150	32822	국민실향안보당	1020
전라남도	4600	진도군	28856	14804	14263	541	14052	국민실향안보당	761
전라남도	4600	영암군	47102	22368	21758	610	24734	국민실향안보당	231
전라남도	4600	무안군	52690	30740	29538	1202	21950	국민실향안보당	124
전라남도	4600	영광군	47106	27030	26209	821	20076	국민실향안보당	881
전라남도	4600	함평군	31636	18759	18133	626	12877	국민실향안보당	1139
전라남도	4600	신안군	39302	22658	21728	930	16644	국민실향안보당	130
전라남도	4600	목포시	179322	87447	85453	1994	91875	기독당	3320
전라남도	4600	여수시	223177	96153	94283	1870	127024	기독당	3798
전라남도	4600	순천시	196170	85086	83502	1584	111084	기독당	3625
전라남도	4600	나주시	77569	40867	39827	1040	36702	기독당	589
전라남도	4600	광양시	98762	46718	45996	722	52044	기독당	1936
전라남도	4600	담양군	41211	20468	19844	624	20743	기독당	452
전라남도	4600	장성군	38498	18518	18105	413	19980	기독당	406
전라남도	4600	곡성군	27362	15349	14778	571	12013	기독당	348
전라남도	4600	구례군	23033	12340	12003	337	10693	기독당	388
전라남도	4600	고흥군	66032	42078	40001	2077	23954	기독당	837
전라남도	4600	보성군	42180	24358	23517	841	17822	기독당	483
전라남도	4600	화순군	55187	28213	27526	687	26974	기독당	641
전라남도	4600	장흥군	35284	18201	17699	502	17083	기독당	989
전라남도	4600	강진군	33455	16798	16253	545	16657	기독당	745
전라남도	4600	완도군	46116	25765	24467	1298	20351	기독당	606
전라남도	4600	해남군	66838	34016	32866	1150	32822	기독당	896
전라남도	4600	진도군	28856	14804	14263	541	14052	기독당	399
전라남도	4600	영암군	47102	22368	21758	610	24734	기독당	567
전라남도	4600	무안군	52690	30740	29538	1202	21950	기독당	1906
전라남도	4600	영광군	47106	27030	26209	821	20076	기독당	749
전라남도	4600	함평군	31636	18759	18133	626	12877	기독당	607
전라남도	4600	신안군	39302	22658	21728	930	16644	기독당	2669
전라남도	4600	목포시	179322	87447	85453	1994	91875	문화예술당	145
전라남도	4600	여수시	223177	96153	94283	1870	127024	문화예술당	134
전라남도	4600	순천시	196170	85086	83502	1584	111084	문화예술당	91
전라남도	4600	나주시	77569	40867	39827	1040	36702	문화예술당	44
전라남도	4600	광양시	98762	46718	45996	722	52044	문화예술당	70
전라남도	4600	담양군	41211	20468	19844	624	20743	문화예술당	27
전라남도	4600	장성군	38498	18518	18105	413	19980	문화예술당	27
전라남도	4600	곡성군	27362	15349	14778	571	12013	문화예술당	28
전라남도	4600	구례군	23033	12340	12003	337	10693	문화예술당	21
전라남도	4600	고흥군	66032	42078	40001	2077	23954	문화예술당	77
전라남도	4600	보성군	42180	24358	23517	841	17822	문화예술당	66
전라남도	4600	화순군	55187	28213	27526	687	26974	문화예술당	53
전라남도	4600	장흥군	35284	18201	17699	502	17083	문화예술당	40
전라남도	4600	강진군	33455	16798	16253	545	16657	문화예술당	58
전라남도	4600	완도군	46116	25765	24467	1298	20351	문화예술당	64
전라남도	4600	해남군	66838	34016	32866	1150	32822	문화예술당	70
전라남도	4600	진도군	28856	14804	14263	541	14052	문화예술당	43
전라남도	4600	영암군	47102	22368	21758	610	24734	문화예술당	33
전라남도	4600	무안군	52690	30740	29538	1202	21950	문화예술당	1317
전라남도	4600	영광군	47106	27030	26209	821	20076	문화예술당	69
전라남도	4600	함평군	31636	18759	18133	626	12877	문화예술당	54
전라남도	4600	신안군	39302	22658	21728	930	16644	문화예술당	227
전라남도	4600	목포시	179322	87447	85453	1994	91875	시민당	159
전라남도	4600	여수시	223177	96153	94283	1870	127024	시민당	96
전라남도	4600	순천시	196170	85086	83502	1584	111084	시민당	83
전라남도	4600	나주시	77569	40867	39827	1040	36702	시민당	48
전라남도	4600	광양시	98762	46718	45996	722	52044	시민당	53
전라남도	4600	담양군	41211	20468	19844	624	20743	시민당	19
전라남도	4600	장성군	38498	18518	18105	413	19980	시민당	34
전라남도	4600	곡성군	27362	15349	14778	571	12013	시민당	34
전라남도	4600	구례군	23033	12340	12003	337	10693	시민당	19
전라남도	4600	고흥군	66032	42078	40001	2077	23954	시민당	109
전라남도	4600	보성군	42180	24358	23517	841	17822	시민당	65
전라남도	4600	화순군	55187	28213	27526	687	26974	시민당	26
전라남도	4600	장흥군	35284	18201	17699	502	17083	시민당	48
전라남도	4600	강진군	33455	16798	16253	545	16657	시민당	33
전라남도	4600	완도군	46116	25765	24467	1298	20351	시민당	82
전라남도	4600	해남군	66838	34016	32866	1150	32822	시민당	103
전라남도	4600	진도군	28856	14804	14263	541	14052	시민당	42
전라남도	4600	영암군	47102	22368	21758	610	24734	시민당	38
전라남도	4600	무안군	52690	30740	29538	1202	21950	시민당	122
전라남도	4600	영광군	47106	27030	26209	821	20076	시민당	63
전라남도	4600	함평군	31636	18759	18133	626	12877	시민당	46
전라남도	4600	신안군	39302	22658	21728	930	16644	시민당	91
전라남도	4600	목포시	179322	87447	85453	1994	91875	신미래당	68
전라남도	4600	여수시	223177	96153	94283	1870	127024	신미래당	51
전라남도	4600	순천시	196170	85086	83502	1584	111084	신미래당	53
전라남도	4600	나주시	77569	40867	39827	1040	36702	신미래당	38
전라남도	4600	광양시	98762	46718	45996	722	52044	신미래당	24
전라남도	4600	담양군	41211	20468	19844	624	20743	신미래당	16
전라남도	4600	장성군	38498	18518	18105	413	19980	신미래당	15
전라남도	4600	곡성군	27362	15349	14778	571	12013	신미래당	23
전라남도	4600	구례군	23033	12340	12003	337	10693	신미래당	9
전라남도	4600	고흥군	66032	42078	40001	2077	23954	신미래당	54
전라남도	4600	보성군	42180	24358	23517	841	17822	신미래당	33
전라남도	4600	화순군	55187	28213	27526	687	26974	신미래당	38
전라남도	4600	장흥군	35284	18201	17699	502	17083	신미래당	21
전라남도	4600	강진군	33455	16798	16253	545	16657	신미래당	17
전라남도	4600	완도군	46116	25765	24467	1298	20351	신미래당	48
전라남도	4600	해남군	66838	34016	32866	1150	32822	신미래당	44
전라남도	4600	진도군	28856	14804	14263	541	14052	신미래당	20
전라남도	4600	영암군	47102	22368	21758	610	24734	신미래당	24
전라남도	4600	무안군	52690	30740	29538	1202	21950	신미래당	65
전라남도	4600	영광군	47106	27030	26209	821	20076	신미래당	31
전라남도	4600	함평군	31636	18759	18133	626	12877	신미래당	32
전라남도	4600	신안군	39302	22658	21728	930	16644	신미래당	48
전라남도	4600	목포시	179322	87447	85453	1994	91875	직능연합당	70
전라남도	4600	여수시	223177	96153	94283	1870	127024	직능연합당	118
전라남도	4600	순천시	196170	85086	83502	1584	111084	직능연합당	109
전라남도	4600	나주시	77569	40867	39827	1040	36702	직능연합당	56
전라남도	4600	광양시	98762	46718	45996	722	52044	직능연합당	46
전라남도	4600	담양군	41211	20468	19844	624	20743	직능연합당	22
전라남도	4600	장성군	38498	18518	18105	413	19980	직능연합당	15
전라남도	4600	곡성군	27362	15349	14778	571	12013	직능연합당	14
전라남도	4600	구례군	23033	12340	12003	337	10693	직능연합당	10
전라남도	4600	고흥군	66032	42078	40001	2077	23954	직능연합당	57
전라남도	4600	보성군	42180	24358	23517	841	17822	직능연합당	54
전라남도	4600	화순군	55187	28213	27526	687	26974	직능연합당	113
전라남도	4600	장흥군	35284	18201	17699	502	17083	직능연합당	56
전라남도	4600	강진군	33455	16798	16253	545	16657	직능연합당	39
전라남도	4600	완도군	46116	25765	24467	1298	20351	직능연합당	39
전라남도	4600	해남군	66838	34016	32866	1150	32822	직능연합당	72
전라남도	4600	진도군	28856	14804	14263	541	14052	직능연합당	16
전라남도	4600	영암군	47102	22368	21758	610	24734	직능연합당	29
전라남도	4600	무안군	52690	30740	29538	1202	21950	직능연합당	127
전라남도	4600	영광군	47106	27030	26209	821	20076	직능연합당	44
전라남도	4600	함평군	31636	18759	18133	626	12877	직능연합당	21
전라남도	4600	신안군	39302	22658	21728	930	16644	직능연합당	56
전라남도	4600	목포시	179322	87447	85453	1994	91875	진보신당	1457
전라남도	4600	여수시	223177	96153	94283	1870	127024	진보신당	2382
전라남도	4600	순천시	196170	85086	83502	1584	111084	진보신당	1890
전라남도	4600	나주시	77569	40867	39827	1040	36702	진보신당	417
전라남도	4600	광양시	98762	46718	45996	722	52044	진보신당	941
전라남도	4600	담양군	41211	20468	19844	624	20743	진보신당	242
전라남도	4600	장성군	38498	18518	18105	413	19980	진보신당	212
전라남도	4600	곡성군	27362	15349	14778	571	12013	진보신당	166
전라남도	4600	구례군	23033	12340	12003	337	10693	진보신당	115
전라남도	4600	고흥군	66032	42078	40001	2077	23954	진보신당	432
전라남도	4600	보성군	42180	24358	23517	841	17822	진보신당	249
전라남도	4600	화순군	55187	28213	27526	687	26974	진보신당	379
전라남도	4600	장흥군	35284	18201	17699	502	17083	진보신당	200
전라남도	4600	강진군	33455	16798	16253	545	16657	진보신당	226
전라남도	4600	완도군	46116	25765	24467	1298	20351	진보신당	228
전라남도	4600	해남군	66838	34016	32866	1150	32822	진보신당	437
전라남도	4600	진도군	28856	14804	14263	541	14052	진보신당	169
전라남도	4600	영암군	47102	22368	21758	610	24734	진보신당	379
전라남도	4600	무안군	52690	30740	29538	1202	21950	진보신당	386
전라남도	4600	영광군	47106	27030	26209	821	20076	진보신당	327
전라남도	4600	함평군	31636	18759	18133	626	12877	진보신당	216
전라남도	4600	신안군	39302	22658	21728	930	16644	진보신당	176
전라남도	4600	목포시	179322	87447	85453	1994	91875	평화통일가정당	975
전라남도	4600	여수시	223177	96153	94283	1870	127024	평화통일가정당	3292
전라남도	4600	순천시	196170	85086	83502	1584	111084	평화통일가정당	2292
전라남도	4600	나주시	77569	40867	39827	1040	36702	평화통일가정당	857
전라남도	4600	광양시	98762	46718	45996	722	52044	평화통일가정당	610
전라남도	4600	담양군	41211	20468	19844	624	20743	평화통일가정당	508
전라남도	4600	장성군	38498	18518	18105	413	19980	평화통일가정당	610
전라남도	4600	곡성군	27362	15349	14778	571	12013	평화통일가정당	858
전라남도	4600	구례군	23033	12340	12003	337	10693	평화통일가정당	695
전라남도	4600	고흥군	66032	42078	40001	2077	23954	평화통일가정당	528
전라남도	4600	보성군	42180	24358	23517	841	17822	평화통일가정당	558
전라남도	4600	화순군	55187	28213	27526	687	26974	평화통일가정당	796
전라남도	4600	장흥군	35284	18201	17699	502	17083	평화통일가정당	660
전라남도	4600	강진군	33455	16798	16253	545	16657	평화통일가정당	681
전라남도	4600	완도군	46116	25765	24467	1298	20351	평화통일가정당	958
전라남도	4600	해남군	66838	34016	32866	1150	32822	평화통일가정당	799
전라남도	4600	진도군	28856	14804	14263	541	14052	평화통일가정당	277
전라남도	4600	영암군	47102	22368	21758	610	24734	평화통일가정당	353
전라남도	4600	무안군	52690	30740	29538	1202	21950	평화통일가정당	1411
전라남도	4600	영광군	47106	27030	26209	821	20076	평화통일가정당	553
전라남도	4600	함평군	31636	18759	18133	626	12877	평화통일가정당	948
전라남도	4600	신안군	39302	22658	21728	930	16644	평화통일가정당	435
전라남도	4600	목포시	179322	87447	85453	1994	91875	한국사회당	176
전라남도	4600	여수시	223177	96153	94283	1870	127024	한국사회당	352
전라남도	4600	순천시	196170	85086	83502	1584	111084	한국사회당	287
전라남도	4600	나주시	77569	40867	39827	1040	36702	한국사회당	252
전라남도	4600	광양시	98762	46718	45996	722	52044	한국사회당	167
전라남도	4600	담양군	41211	20468	19844	624	20743	한국사회당	177
전라남도	4600	장성군	38498	18518	18105	413	19980	한국사회당	144
전라남도	4600	곡성군	27362	15349	14778	571	12013	한국사회당	171
전라남도	4600	구례군	23033	12340	12003	337	10693	한국사회당	59
전라남도	4600	고흥군	66032	42078	40001	2077	23954	한국사회당	492
전라남도	4600	보성군	42180	24358	23517	841	17822	한국사회당	227
전라남도	4600	화순군	55187	28213	27526	687	26974	한국사회당	246
전라남도	4600	장흥군	35284	18201	17699	502	17083	한국사회당	161
전라남도	4600	강진군	33455	16798	16253	545	16657	한국사회당	140
전라남도	4600	완도군	46116	25765	24467	1298	20351	한국사회당	215
전라남도	4600	해남군	66838	34016	32866	1150	32822	한국사회당	283
전라남도	4600	진도군	28856	14804	14263	541	14052	한국사회당	158
전라남도	4600	영암군	47102	22368	21758	610	24734	한국사회당	148
전라남도	4600	무안군	52690	30740	29538	1202	21950	한국사회당	396
전라남도	4600	영광군	47106	27030	26209	821	20076	한국사회당	373
전라남도	4600	함평군	31636	18759	18133	626	12877	한국사회당	208
전라남도	4600	신안군	39302	22658	21728	930	16644	한국사회당	187
경상북도	4700	포항시북구	191854	97748	96060	1688	94106	통합민주당	5414
경상북도	4700	포항시남구	194742	94310	92570	1740	100432	통합민주당	8027
경상북도	4700	울릉군	8472	5303	5150	153	3169	통합민주당	490
경상북도	4700	경주시	211232	109525	106809	2716	101707	통합민주당	4803
경상북도	4700	김천시	109981	68356	66464	1892	41625	통합민주당	3270
경상북도	4700	안동시	133439	81619	79227	2392	51820	통합민주당	4423
경상북도	4700	구미시	282214	118138	116303	1835	164076	통합민주당	6221
경상북도	4700	영주시	91222	53585	52054	1531	37637	통합민주당	2923
경상북도	4700	영천시	85779	41043	39954	1089	44736	통합민주당	2268
경상북도	4700	상주시	87108	55204	53265	1939	31904	통합민주당	2409
경상북도	4700	문경시	61235	36727	35506	1221	24508	통합민주당	1664
경상북도	4700	예천군	41551	29495	28031	1464	12056	통합민주당	1380
경상북도	4700	경산시	181869	75795	74422	1373	106074	통합민주당	4600
경상북도	4700	청도군	38821	20942	20303	639	17879	통합민주당	1238
경상북도	4700	고령군	28956	17485	16830	655	11471	통합민주당	789
경상북도	4700	성주군	38088	23032	22266	766	15056	통합민주당	1011
경상북도	4700	칠곡군	86456	40888	39785	1103	45568	통합민주당	2020
경상북도	4700	군위군	22444	14951	14339	612	7493	통합민주당	558
경상북도	4700	의성군	53029	35197	33633	1564	17832	통합민주당	1568
경상북도	4700	청송군	23626	14841	14296	545	8785	통합민주당	869
경상북도	4700	영양군	16229	10521	10139	382	5708	통합민주당	695
경상북도	4700	영덕군	36667	23405	22708	697	13262	통합민주당	1115
경상북도	4700	봉화군	29753	18980	18253	727	10773	통합민주당	1198
경상북도	4700	울진군	43140	26600	25393	1207	16540	통합민주당	1904
경상북도	4700	포항시북구	191854	97748	96060	1688	94106	한나라당	66158
경상북도	4700	포항시남구	194742	94310	92570	1740	100432	한나라당	58822
경상북도	4700	울릉군	8472	5303	5150	153	3169	한나라당	3461
경상북도	4700	경주시	211232	109525	106809	2716	101707	한나라당	55425
경상북도	4700	김천시	109981	68356	66464	1892	41625	한나라당	34509
경상북도	4700	안동시	133439	81619	79227	2392	51820	한나라당	40523
경상북도	4700	구미시	282214	118138	116303	1835	164076	한나라당	47398
경상북도	4700	영주시	91222	53585	52054	1531	37637	한나라당	26773
경상북도	4700	영천시	85779	41043	39954	1089	44736	한나라당	22370
경상북도	4700	상주시	87108	55204	53265	1939	31904	한나라당	26538
경상북도	4700	문경시	61235	36727	35506	1221	24508	한나라당	17587
경상북도	4700	예천군	41551	29495	28031	1464	12056	한나라당	13976
경상북도	4700	경산시	181869	75795	74422	1373	106074	한나라당	34846
경상북도	4700	청도군	38821	20942	20303	639	17879	한나라당	10913
경상북도	4700	고령군	28956	17485	16830	655	11471	한나라당	8967
경상북도	4700	성주군	38088	23032	22266	766	15056	한나라당	12493
경상북도	4700	칠곡군	86456	40888	39785	1103	45568	한나라당	20129
경상북도	4700	군위군	22444	14951	14339	612	7493	한나라당	7376
경상북도	4700	의성군	53029	35197	33633	1564	17832	한나라당	18214
경상북도	4700	청송군	23626	14841	14296	545	8785	한나라당	7174
경상북도	4700	영양군	16229	10521	10139	382	5708	한나라당	5731
경상북도	4700	영덕군	36667	23405	22708	697	13262	한나라당	16038
경상북도	4700	봉화군	29753	18980	18253	727	10773	한나라당	9128
경상북도	4700	울진군	43140	26600	25393	1207	16540	한나라당	14736
경상북도	4700	포항시북구	191854	97748	96060	1688	94106	자유선진당	1706
경상북도	4700	포항시남구	194742	94310	92570	1740	100432	자유선진당	2015
경상북도	4700	울릉군	8472	5303	5150	153	3169	자유선진당	117
경상북도	4700	경주시	211232	109525	106809	2716	101707	자유선진당	2410
경상북도	4700	김천시	109981	68356	66464	1892	41625	자유선진당	1881
경상북도	4700	안동시	133439	81619	79227	2392	51820	자유선진당	2693
경상북도	4700	구미시	282214	118138	116303	1835	164076	자유선진당	4649
경상북도	4700	영주시	91222	53585	52054	1531	37637	자유선진당	1785
경상북도	4700	영천시	85779	41043	39954	1089	44736	자유선진당	1680
경상북도	4700	상주시	87108	55204	53265	1939	31904	자유선진당	1585
경상북도	4700	문경시	61235	36727	35506	1221	24508	자유선진당	952
경상북도	4700	예천군	41551	29495	28031	1464	12056	자유선진당	723
경상북도	4700	경산시	181869	75795	74422	1373	106074	자유선진당	2680
경상북도	4700	청도군	38821	20942	20303	639	17879	자유선진당	670
경상북도	4700	고령군	28956	17485	16830	655	11471	자유선진당	497
경상북도	4700	성주군	38088	23032	22266	766	15056	자유선진당	553
경상북도	4700	칠곡군	86456	40888	39785	1103	45568	자유선진당	1136
경상북도	4700	군위군	22444	14951	14339	612	7493	자유선진당	374
경상북도	4700	의성군	53029	35197	33633	1564	17832	자유선진당	930
경상북도	4700	청송군	23626	14841	14296	545	8785	자유선진당	525
경상북도	4700	영양군	16229	10521	10139	382	5708	자유선진당	293
경상북도	4700	영덕군	36667	23405	22708	697	13262	자유선진당	361
경상북도	4700	봉화군	29753	18980	18253	727	10773	자유선진당	594
경상북도	4700	울진군	43140	26600	25393	1207	16540	자유선진당	576
경상북도	4700	포항시북구	191854	97748	96060	1688	94106	민주노동당	3341
경상북도	4700	포항시남구	194742	94310	92570	1740	100432	민주노동당	4101
경상북도	4700	울릉군	8472	5303	5150	153	3169	민주노동당	166
경상북도	4700	경주시	211232	109525	106809	2716	101707	민주노동당	7761
경상북도	4700	김천시	109981	68356	66464	1892	41625	민주노동당	2044
경상북도	4700	안동시	133439	81619	79227	2392	51820	민주노동당	3289
경상북도	4700	구미시	282214	118138	116303	1835	164076	민주노동당	4483
경상북도	4700	영주시	91222	53585	52054	1531	37637	민주노동당	2368
경상북도	4700	영천시	85779	41043	39954	1089	44736	민주노동당	1604
경상북도	4700	상주시	87108	55204	53265	1939	31904	민주노동당	2152
경상북도	4700	문경시	61235	36727	35506	1221	24508	민주노동당	988
경상북도	4700	예천군	41551	29495	28031	1464	12056	민주노동당	1054
경상북도	4700	경산시	181869	75795	74422	1373	106074	민주노동당	2494
경상북도	4700	청도군	38821	20942	20303	639	17879	민주노동당	568
경상북도	4700	고령군	28956	17485	16830	655	11471	민주노동당	624
경상북도	4700	성주군	38088	23032	22266	766	15056	민주노동당	802
경상북도	4700	칠곡군	86456	40888	39785	1103	45568	민주노동당	1388
경상북도	4700	군위군	22444	14951	14339	612	7493	민주노동당	365
경상북도	4700	의성군	53029	35197	33633	1564	17832	민주노동당	1494
경상북도	4700	청송군	23626	14841	14296	545	8785	민주노동당	653
경상북도	4700	영양군	16229	10521	10139	382	5708	민주노동당	447
경상북도	4700	영덕군	36667	23405	22708	697	13262	민주노동당	523
경상북도	4700	봉화군	29753	18980	18253	727	10773	민주노동당	777
경상북도	4700	울진군	43140	26600	25393	1207	16540	민주노동당	843
경상북도	4700	포항시북구	191854	97748	96060	1688	94106	창조한국당	2204
경상북도	4700	포항시남구	194742	94310	92570	1740	100432	창조한국당	2449
경상북도	4700	울릉군	8472	5303	5150	153	3169	창조한국당	98
경상북도	4700	경주시	211232	109525	106809	2716	101707	창조한국당	2378
경상북도	4700	김천시	109981	68356	66464	1892	41625	창조한국당	1968
경상북도	4700	안동시	133439	81619	79227	2392	51820	창조한국당	2125
경상북도	4700	구미시	282214	118138	116303	1835	164076	창조한국당	3398
경상북도	4700	영주시	91222	53585	52054	1531	37637	창조한국당	1247
경상북도	4700	영천시	85779	41043	39954	1089	44736	창조한국당	846
경상북도	4700	상주시	87108	55204	53265	1939	31904	창조한국당	823
경상북도	4700	문경시	61235	36727	35506	1221	24508	창조한국당	587
경상북도	4700	예천군	41551	29495	28031	1464	12056	창조한국당	525
경상북도	4700	경산시	181869	75795	74422	1373	106074	창조한국당	2041
경상북도	4700	청도군	38821	20942	20303	639	17879	창조한국당	399
경상북도	4700	고령군	28956	17485	16830	655	11471	창조한국당	341
경상북도	4700	성주군	38088	23032	22266	766	15056	창조한국당	397
경상북도	4700	칠곡군	86456	40888	39785	1103	45568	창조한국당	1099
경상북도	4700	군위군	22444	14951	14339	612	7493	창조한국당	221
경상북도	4700	의성군	53029	35197	33633	1564	17832	창조한국당	554
경상북도	4700	청송군	23626	14841	14296	545	8785	창조한국당	305
경상북도	4700	영양군	16229	10521	10139	382	5708	창조한국당	189
경상북도	4700	영덕군	36667	23405	22708	697	13262	창조한국당	286
경상북도	4700	봉화군	29753	18980	18253	727	10773	창조한국당	395
경상북도	4700	울진군	43140	26600	25393	1207	16540	창조한국당	646
경상북도	4700	포항시북구	191854	97748	96060	1688	94106	친박연대	11131
경상북도	4700	포항시남구	194742	94310	92570	1740	100432	친박연대	11950
경상북도	4700	울릉군	8472	5303	5150	153	3169	친박연대	499
경상북도	4700	경주시	211232	109525	106809	2716	101707	친박연대	28338
경상북도	4700	김천시	109981	68356	66464	1892	41625	친박연대	17828
경상북도	4700	안동시	133439	81619	79227	2392	51820	친박연대	19247
경상북도	4700	구미시	282214	118138	116303	1835	164076	친박연대	41601
경상북도	4700	영주시	91222	53585	52054	1531	37637	친박연대	12551
경상북도	4700	영천시	85779	41043	39954	1089	44736	친박연대	8614
경상북도	4700	상주시	87108	55204	53265	1939	31904	친박연대	13816
경상북도	4700	문경시	61235	36727	35506	1221	24508	친박연대	10073
경상북도	4700	예천군	41551	29495	28031	1464	12056	친박연대	6783
경상북도	4700	경산시	181869	75795	74422	1373	106074	친박연대	21826
경상북도	4700	청도군	38821	20942	20303	639	17879	친박연대	5043
경상북도	4700	고령군	28956	17485	16830	655	11471	친박연대	3807
경상북도	4700	성주군	38088	23032	22266	766	15056	친박연대	4984
경상북도	4700	칠곡군	86456	40888	39785	1103	45568	친박연대	10957
경상북도	4700	군위군	22444	14951	14339	612	7493	친박연대	3660
경상북도	4700	의성군	53029	35197	33633	1564	17832	친박연대	7166
경상북도	4700	청송군	23626	14841	14296	545	8785	친박연대	2778
경상북도	4700	영양군	16229	10521	10139	382	5708	친박연대	1770
경상북도	4700	영덕군	36667	23405	22708	697	13262	친박연대	2844
경상북도	4700	봉화군	29753	18980	18253	727	10773	친박연대	4175
경상북도	4700	울진군	43140	26600	25393	1207	16540	친박연대	3981
경상북도	4700	포항시북구	191854	97748	96060	1688	94106	국민실향안보당	950
경상북도	4700	포항시남구	194742	94310	92570	1740	100432	국민실향안보당	457
경상북도	4700	울릉군	8472	5303	5150	153	3169	국민실향안보당	44
경상북도	4700	경주시	211232	109525	106809	2716	101707	국민실향안보당	294
경상북도	4700	김천시	109981	68356	66464	1892	41625	국민실향안보당	1521
경상북도	4700	안동시	133439	81619	79227	2392	51820	국민실향안보당	249
경상북도	4700	구미시	282214	118138	116303	1835	164076	국민실향안보당	1743
경상북도	4700	영주시	91222	53585	52054	1531	37637	국민실향안보당	1338
경상북도	4700	영천시	85779	41043	39954	1089	44736	국민실향안보당	92
경상북도	4700	상주시	87108	55204	53265	1939	31904	국민실향안보당	2841
경상북도	4700	문경시	61235	36727	35506	1221	24508	국민실향안보당	1434
경상북도	4700	예천군	41551	29495	28031	1464	12056	국민실향안보당	1750
경상북도	4700	경산시	181869	75795	74422	1373	106074	국민실향안보당	169
경상북도	4700	청도군	38821	20942	20303	639	17879	국민실향안보당	88
경상북도	4700	고령군	28956	17485	16830	655	11471	국민실향안보당	720
경상북도	4700	성주군	38088	23032	22266	766	15056	국민실향안보당	799
경상북도	4700	칠곡군	86456	40888	39785	1103	45568	국민실향안보당	1084
경상북도	4700	군위군	22444	14951	14339	612	7493	국민실향안보당	862
경상북도	4700	의성군	53029	35197	33633	1564	17832	국민실향안보당	1483
경상북도	4700	청송군	23626	14841	14296	545	8785	국민실향안보당	758
경상북도	4700	영양군	16229	10521	10139	382	5708	국민실향안보당	35
경상북도	4700	영덕군	36667	23405	22708	697	13262	국민실향안보당	57
경상북도	4700	봉화군	29753	18980	18253	727	10773	국민실향안보당	117
경상북도	4700	울진군	43140	26600	25393	1207	16540	국민실향안보당	79
경상북도	4700	포항시북구	191854	97748	96060	1688	94106	기독당	1381
경상북도	4700	포항시남구	194742	94310	92570	1740	100432	기독당	1278
경상북도	4700	울릉군	8472	5303	5150	153	3169	기독당	61
경상북도	4700	경주시	211232	109525	106809	2716	101707	기독당	1277
경상북도	4700	김천시	109981	68356	66464	1892	41625	기독당	1252
경상북도	4700	안동시	133439	81619	79227	2392	51820	기독당	3388
경상북도	4700	구미시	282214	118138	116303	1835	164076	기독당	3103
경상북도	4700	영주시	91222	53585	52054	1531	37637	기독당	820
경상북도	4700	영천시	85779	41043	39954	1089	44736	기독당	886
경상북도	4700	상주시	87108	55204	53265	1939	31904	기독당	928
경상북도	4700	문경시	61235	36727	35506	1221	24508	기독당	626
경상북도	4700	예천군	41551	29495	28031	1464	12056	기독당	477
경상북도	4700	경산시	181869	75795	74422	1373	106074	기독당	2210
경상북도	4700	청도군	38821	20942	20303	639	17879	기독당	431
경상북도	4700	고령군	28956	17485	16830	655	11471	기독당	277
경상북도	4700	성주군	38088	23032	22266	766	15056	기독당	264
경상북도	4700	칠곡군	86456	40888	39785	1103	45568	기독당	634
경상북도	4700	군위군	22444	14951	14339	612	7493	기독당	409
경상북도	4700	의성군	53029	35197	33633	1564	17832	기독당	915
경상북도	4700	청송군	23626	14841	14296	545	8785	기독당	467
경상북도	4700	영양군	16229	10521	10139	382	5708	기독당	238
경상북도	4700	영덕군	36667	23405	22708	697	13262	기독당	366
경상북도	4700	봉화군	29753	18980	18253	727	10773	기독당	325
경상북도	4700	울진군	43140	26600	25393	1207	16540	기독당	494
경상북도	4700	포항시북구	191854	97748	96060	1688	94106	문화예술당	94
경상북도	4700	포항시남구	194742	94310	92570	1740	100432	문화예술당	134
경상북도	4700	울릉군	8472	5303	5150	153	3169	문화예술당	9
경상북도	4700	경주시	211232	109525	106809	2716	101707	문화예술당	206
경상북도	4700	김천시	109981	68356	66464	1892	41625	문화예술당	139
경상북도	4700	안동시	133439	81619	79227	2392	51820	문화예술당	192
경상북도	4700	구미시	282214	118138	116303	1835	164076	문화예술당	174
경상북도	4700	영주시	91222	53585	52054	1531	37637	문화예술당	108
경상북도	4700	영천시	85779	41043	39954	1089	44736	문화예술당	88
경상북도	4700	상주시	87108	55204	53265	1939	31904	문화예술당	166
경상북도	4700	문경시	61235	36727	35506	1221	24508	문화예술당	74
경상북도	4700	예천군	41551	29495	28031	1464	12056	문화예술당	114
경상북도	4700	경산시	181869	75795	74422	1373	106074	문화예술당	114
경상북도	4700	청도군	38821	20942	20303	639	17879	문화예술당	56
경상북도	4700	고령군	28956	17485	16830	655	11471	문화예술당	43
경상북도	4700	성주군	38088	23032	22266	766	15056	문화예술당	58
경상북도	4700	칠곡군	86456	40888	39785	1103	45568	문화예술당	76
경상북도	4700	군위군	22444	14951	14339	612	7493	문화예술당	59
경상북도	4700	의성군	53029	35197	33633	1564	17832	문화예술당	113
경상북도	4700	청송군	23626	14841	14296	545	8785	문화예술당	61
경상북도	4700	영양군	16229	10521	10139	382	5708	문화예술당	240
경상북도	4700	영덕군	36667	23405	22708	697	13262	문화예술당	277
경상북도	4700	봉화군	29753	18980	18253	727	10773	문화예술당	541
경상북도	4700	울진군	43140	26600	25393	1207	16540	문화예술당	966
경상북도	4700	포항시북구	191854	97748	96060	1688	94106	시민당	70
경상북도	4700	포항시남구	194742	94310	92570	1740	100432	시민당	99
경상북도	4700	울릉군	8472	5303	5150	153	3169	시민당	7
경상북도	4700	경주시	211232	109525	106809	2716	101707	시민당	176
경상북도	4700	김천시	109981	68356	66464	1892	41625	시민당	112
경상북도	4700	안동시	133439	81619	79227	2392	51820	시민당	184
경상북도	4700	구미시	282214	118138	116303	1835	164076	시민당	102
경상북도	4700	영주시	91222	53585	52054	1531	37637	시민당	95
경상북도	4700	영천시	85779	41043	39954	1089	44736	시민당	69
경상북도	4700	상주시	87108	55204	53265	1939	31904	시민당	102
경상북도	4700	문경시	61235	36727	35506	1221	24508	시민당	86
경상북도	4700	예천군	41551	29495	28031	1464	12056	시민당	90
경상북도	4700	경산시	181869	75795	74422	1373	106074	시민당	71
경상북도	4700	청도군	38821	20942	20303	639	17879	시민당	41
경상북도	4700	고령군	28956	17485	16830	655	11471	시민당	37
경상북도	4700	성주군	38088	23032	22266	766	15056	시민당	33
경상북도	4700	칠곡군	86456	40888	39785	1103	45568	시민당	64
경상북도	4700	군위군	22444	14951	14339	612	7493	시민당	24
경상북도	4700	의성군	53029	35197	33633	1564	17832	시민당	82
경상북도	4700	청송군	23626	14841	14296	545	8785	시민당	35
경상북도	4700	영양군	16229	10521	10139	382	5708	시민당	35
경상북도	4700	영덕군	36667	23405	22708	697	13262	시민당	32
경상북도	4700	봉화군	29753	18980	18253	727	10773	시민당	77
경상북도	4700	울진군	43140	26600	25393	1207	16540	시민당	87
경상북도	4700	포항시북구	191854	97748	96060	1688	94106	신미래당	43
경상북도	4700	포항시남구	194742	94310	92570	1740	100432	신미래당	47
경상북도	4700	울릉군	8472	5303	5150	153	3169	신미래당	4
경상북도	4700	경주시	211232	109525	106809	2716	101707	신미래당	94
경상북도	4700	김천시	109981	68356	66464	1892	41625	신미래당	84
경상북도	4700	안동시	133439	81619	79227	2392	51820	신미래당	141
경상북도	4700	구미시	282214	118138	116303	1835	164076	신미래당	94
경상북도	4700	영주시	91222	53585	52054	1531	37637	신미래당	55
경상북도	4700	영천시	85779	41043	39954	1089	44736	신미래당	45
경상북도	4700	상주시	87108	55204	53265	1939	31904	신미래당	97
경상북도	4700	문경시	61235	36727	35506	1221	24508	신미래당	54
경상북도	4700	예천군	41551	29495	28031	1464	12056	신미래당	55
경상북도	4700	경산시	181869	75795	74422	1373	106074	신미래당	51
경상북도	4700	청도군	38821	20942	20303	639	17879	신미래당	31
경상북도	4700	고령군	28956	17485	16830	655	11471	신미래당	31
경상북도	4700	성주군	38088	23032	22266	766	15056	신미래당	34
경상북도	4700	칠곡군	86456	40888	39785	1103	45568	신미래당	34
경상북도	4700	군위군	22444	14951	14339	612	7493	신미래당	28
경상북도	4700	의성군	53029	35197	33633	1564	17832	신미래당	74
경상북도	4700	청송군	23626	14841	14296	545	8785	신미래당	24
경상북도	4700	영양군	16229	10521	10139	382	5708	신미래당	16
경상북도	4700	영덕군	36667	23405	22708	697	13262	신미래당	27
경상북도	4700	봉화군	29753	18980	18253	727	10773	신미래당	50
경상북도	4700	울진군	43140	26600	25393	1207	16540	신미래당	41
경상북도	4700	포항시북구	191854	97748	96060	1688	94106	직능연합당	76
경상북도	4700	포항시남구	194742	94310	92570	1740	100432	직능연합당	65
경상북도	4700	울릉군	8472	5303	5150	153	3169	직능연합당	3
경상북도	4700	경주시	211232	109525	106809	2716	101707	직능연합당	108
경상북도	4700	김천시	109981	68356	66464	1892	41625	직능연합당	67
경상북도	4700	안동시	133439	81619	79227	2392	51820	직능연합당	138
경상북도	4700	구미시	282214	118138	116303	1835	164076	직능연합당	111
경상북도	4700	영주시	91222	53585	52054	1531	37637	직능연합당	96
경상북도	4700	영천시	85779	41043	39954	1089	44736	직능연합당	63
경상북도	4700	상주시	87108	55204	53265	1939	31904	직능연합당	102
경상북도	4700	문경시	61235	36727	35506	1221	24508	직능연합당	46
경상북도	4700	예천군	41551	29495	28031	1464	12056	직능연합당	59
경상북도	4700	경산시	181869	75795	74422	1373	106074	직능연합당	66
경상북도	4700	청도군	38821	20942	20303	639	17879	직능연합당	35
경상북도	4700	고령군	28956	17485	16830	655	11471	직능연합당	33
경상북도	4700	성주군	38088	23032	22266	766	15056	직능연합당	29
경상북도	4700	칠곡군	86456	40888	39785	1103	45568	직능연합당	88
경상북도	4700	군위군	22444	14951	14339	612	7493	직능연합당	19
경상북도	4700	의성군	53029	35197	33633	1564	17832	직능연합당	48
경상북도	4700	청송군	23626	14841	14296	545	8785	직능연합당	27
경상북도	4700	영양군	16229	10521	10139	382	5708	직능연합당	29
경상북도	4700	영덕군	36667	23405	22708	697	13262	직능연합당	29
경상북도	4700	봉화군	29753	18980	18253	727	10773	직능연합당	50
경상북도	4700	울진군	43140	26600	25393	1207	16540	직능연합당	88
경상북도	4700	포항시북구	191854	97748	96060	1688	94106	진보신당	2222
경상북도	4700	포항시남구	194742	94310	92570	1740	100432	진보신당	2177
경상북도	4700	울릉군	8472	5303	5150	153	3169	진보신당	50
경상북도	4700	경주시	211232	109525	106809	2716	101707	진보신당	2051
경상북도	4700	김천시	109981	68356	66464	1892	41625	진보신당	845
경상북도	4700	안동시	133439	81619	79227	2392	51820	진보신당	1368
경상북도	4700	구미시	282214	118138	116303	1835	164076	진보신당	1897
경상북도	4700	영주시	91222	53585	52054	1531	37637	진보신당	989
경상북도	4700	영천시	85779	41043	39954	1089	44736	진보신당	473
경상북도	4700	상주시	87108	55204	53265	1939	31904	진보신당	624
경상북도	4700	문경시	61235	36727	35506	1221	24508	진보신당	419
경상북도	4700	예천군	41551	29495	28031	1464	12056	진보신당	303
경상북도	4700	경산시	181869	75795	74422	1373	106074	진보신당	2536
경상북도	4700	청도군	38821	20942	20303	639	17879	진보신당	376
경상북도	4700	고령군	28956	17485	16830	655	11471	진보신당	219
경상북도	4700	성주군	38088	23032	22266	766	15056	진보신당	181
경상북도	4700	칠곡군	86456	40888	39785	1103	45568	진보신당	588
경상북도	4700	군위군	22444	14951	14339	612	7493	진보신당	124
경상북도	4700	의성군	53029	35197	33633	1564	17832	진보신당	343
경상북도	4700	청송군	23626	14841	14296	545	8785	진보신당	211
경상북도	4700	영양군	16229	10521	10139	382	5708	진보신당	149
경상북도	4700	영덕군	36667	23405	22708	697	13262	진보신당	220
경상북도	4700	봉화군	29753	18980	18253	727	10773	진보신당	274
경상북도	4700	울진군	43140	26600	25393	1207	16540	진보신당	428
경상북도	4700	포항시북구	191854	97748	96060	1688	94106	평화통일가정당	1065
경상북도	4700	포항시남구	194742	94310	92570	1740	100432	평화통일가정당	747
경상북도	4700	울릉군	8472	5303	5150	153	3169	평화통일가정당	126
경상북도	4700	경주시	211232	109525	106809	2716	101707	평화통일가정당	1224
경상북도	4700	김천시	109981	68356	66464	1892	41625	평화통일가정당	661
경상북도	4700	안동시	133439	81619	79227	2392	51820	평화통일가정당	862
경상북도	4700	구미시	282214	118138	116303	1835	164076	평화통일가정당	1083
경상북도	4700	영주시	91222	53585	52054	1531	37637	평화통일가정당	691
경상북도	4700	영천시	85779	41043	39954	1089	44736	평화통일가정당	705
경상북도	4700	상주시	87108	55204	53265	1939	31904	평화통일가정당	698
경상북도	4700	문경시	61235	36727	35506	1221	24508	평화통일가정당	811
경상북도	4700	예천군	41551	29495	28031	1464	12056	평화통일가정당	598
경상북도	4700	경산시	181869	75795	74422	1373	106074	평화통일가정당	601
경상북도	4700	청도군	38821	20942	20303	639	17879	평화통일가정당	297
경상북도	4700	고령군	28956	17485	16830	655	11471	평화통일가정당	314
경상북도	4700	성주군	38088	23032	22266	766	15056	평화통일가정당	462
경상북도	4700	칠곡군	86456	40888	39785	1103	45568	평화통일가정당	358
경상북도	4700	군위군	22444	14951	14339	612	7493	평화통일가정당	135
경상북도	4700	의성군	53029	35197	33633	1564	17832	평화통일가정당	408
경상북도	4700	청송군	23626	14841	14296	545	8785	평화통일가정당	284
경상북도	4700	영양군	16229	10521	10139	382	5708	평화통일가정당	207
경상북도	4700	영덕군	36667	23405	22708	697	13262	평화통일가정당	421
경상북도	4700	봉화군	29753	18980	18253	727	10773	평화통일가정당	371
경상북도	4700	울진군	43140	26600	25393	1207	16540	평화통일가정당	276
경상북도	4700	포항시북구	191854	97748	96060	1688	94106	한국사회당	205
경상북도	4700	포항시남구	194742	94310	92570	1740	100432	한국사회당	202
경상북도	4700	울릉군	8472	5303	5150	153	3169	한국사회당	15
경상북도	4700	경주시	211232	109525	106809	2716	101707	한국사회당	264
경상북도	4700	김천시	109981	68356	66464	1892	41625	한국사회당	283
경상북도	4700	안동시	133439	81619	79227	2392	51820	한국사회당	405
경상북도	4700	구미시	282214	118138	116303	1835	164076	한국사회당	246
경상북도	4700	영주시	91222	53585	52054	1531	37637	한국사회당	215
경상북도	4700	영천시	85779	41043	39954	1089	44736	한국사회당	151
경상북도	4700	상주시	87108	55204	53265	1939	31904	한국사회당	384
경상북도	4700	문경시	61235	36727	35506	1221	24508	한국사회당	105
경상북도	4700	예천군	41551	29495	28031	1464	12056	한국사회당	144
경상북도	4700	경산시	181869	75795	74422	1373	106074	한국사회당	117
경상북도	4700	청도군	38821	20942	20303	639	17879	한국사회당	117
경상북도	4700	고령군	28956	17485	16830	655	11471	한국사회당	131
경상북도	4700	성주군	38088	23032	22266	766	15056	한국사회당	166
경상북도	4700	칠곡군	86456	40888	39785	1103	45568	한국사회당	130
경상북도	4700	군위군	22444	14951	14339	612	7493	한국사회당	125
경상북도	4700	의성군	53029	35197	33633	1564	17832	한국사회당	241
경상북도	4700	청송군	23626	14841	14296	545	8785	한국사회당	125
경상북도	4700	영양군	16229	10521	10139	382	5708	한국사회당	65
경상북도	4700	영덕군	36667	23405	22708	697	13262	한국사회당	112
경상북도	4700	봉화군	29753	18980	18253	727	10773	한국사회당	181
경상북도	4700	울진군	43140	26600	25393	1207	16540	한국사회당	248
경상남도	4800	창원시	364638	170081	168574	1507	194557	통합민주당	16490
경상남도	4800	마산시	322718	143885	142106	1779	178833	통합민주당	13603
경상남도	4800	진주시	251125	131017	128853	2164	120108	통합민주당	9310
경상남도	4800	진해시	122687	54387	53414	973	68300	통합민주당	5643
경상남도	4800	통영시	104960	53818	52695	1123	51142	통합민주당	3796
경상남도	4800	고성군	46001	24326	23580	746	21675	통합민주당	1686
경상남도	4800	사천시	87843	50641	49450	1191	37202	통합민주당	3095
경상남도	4800	김해시	332723	143267	141637	1630	189456	통합민주당	30290
경상남도	4800	밀양시	89892	47653	46593	1060	42239	통합민주당	4687
경상남도	4800	거제시	153055	67242	65945	1297	85813	통합민주당	6303
경상남도	4800	의령군	26030	14340	13893	447	11690	통합민주당	1142
경상남도	4800	함안군	51687	24426	23862	564	27261	통합민주당	1798
경상남도	4800	창녕군	51421	23973	23355	618	27448	통합민주당	1833
경상남도	4800	양산시	171714	69505	68481	1024	102209	통합민주당	6872
경상남도	4800	하동군	44535	32062	30642	1420	12473	통합민주당	3375
경상남도	4800	남해군	44010	30719	28684	2035	13291	통합민주당	4479
경상남도	4800	함양군	33465	18998	18345	653	14467	통합민주당	1416
경상남도	4800	산청군	30054	16422	15970	452	13632	통합민주당	1110
경상남도	4800	거창군	50779	29014	28129	885	21765	통합민주당	2008
경상남도	4800	합천군	45265	25930	25171	759	19335	통합민주당	1953
경상남도	4800	창원시	364638	170081	168574	1507	194557	한나라당	65124
경상남도	4800	마산시	322718	143885	142106	1779	178833	한나라당	66815
경상남도	4800	진주시	251125	131017	128853	2164	120108	한나라당	61176
경상남도	4800	진해시	122687	54387	53414	973	68300	한나라당	24557
경상남도	4800	통영시	104960	53818	52695	1123	51142	한나라당	31114
경상남도	4800	고성군	46001	24326	23580	746	21675	한나라당	12115
경상남도	4800	사천시	87843	50641	49450	1191	37202	한나라당	22619
경상남도	4800	김해시	332723	143267	141637	1630	189456	한나라당	55662
경상남도	4800	밀양시	89892	47653	46593	1060	42239	한나라당	21290
경상남도	4800	거제시	153055	67242	65945	1297	85813	한나라당	28525
경상남도	4800	의령군	26030	14340	13893	447	11690	한나라당	6453
경상남도	4800	함안군	51687	24426	23862	564	27261	한나라당	10850
경상남도	4800	창녕군	51421	23973	23355	618	27448	한나라당	10871
경상남도	4800	양산시	171714	69505	68481	1024	102209	한나라당	28762
경상남도	4800	하동군	44535	32062	30642	1420	12473	한나라당	17767
경상남도	4800	남해군	44010	30719	28684	2035	13291	한나라당	13143
경상남도	4800	함양군	33465	18998	18345	653	14467	한나라당	8612
경상남도	4800	산청군	30054	16422	15970	452	13632	한나라당	7694
경상남도	4800	거창군	50779	29014	28129	885	21765	한나라당	12546
경상남도	4800	합천군	45265	25930	25171	759	19335	한나라당	11980
경상남도	4800	창원시	364638	170081	168574	1507	194557	자유선진당	6963
경상남도	4800	마산시	322718	143885	142106	1779	178833	자유선진당	6468
경상남도	4800	진주시	251125	131017	128853	2164	120108	자유선진당	5437
경상남도	4800	진해시	122687	54387	53414	973	68300	자유선진당	2753
경상남도	4800	통영시	104960	53818	52695	1123	51142	자유선진당	1906
경상남도	4800	고성군	46001	24326	23580	746	21675	자유선진당	911
경상남도	4800	사천시	87843	50641	49450	1191	37202	자유선진당	1889
경상남도	4800	김해시	332723	143267	141637	1630	189456	자유선진당	6221
경상남도	4800	밀양시	89892	47653	46593	1060	42239	자유선진당	2279
경상남도	4800	거제시	153055	67242	65945	1297	85813	자유선진당	2036
경상남도	4800	의령군	26030	14340	13893	447	11690	자유선진당	653
경상남도	4800	함안군	51687	24426	23862	564	27261	자유선진당	954
경상남도	4800	창녕군	51421	23973	23355	618	27448	자유선진당	1104
경상남도	4800	양산시	171714	69505	68481	1024	102209	자유선진당	2581
경상남도	4800	하동군	44535	32062	30642	1420	12473	자유선진당	967
경상남도	4800	남해군	44010	30719	28684	2035	13291	자유선진당	1001
경상남도	4800	함양군	33465	18998	18345	653	14467	자유선진당	1161
경상남도	4800	산청군	30054	16422	15970	452	13632	자유선진당	1071
경상남도	4800	거창군	50779	29014	28129	885	21765	자유선진당	1365
경상남도	4800	합천군	45265	25930	25171	759	19335	자유선진당	980
경상남도	4800	창원시	364638	170081	168574	1507	194557	민주노동당	29242
경상남도	4800	마산시	322718	143885	142106	1779	178833	민주노동당	10051
경상남도	4800	진주시	251125	131017	128853	2164	120108	민주노동당	14631
경상남도	4800	진해시	122687	54387	53414	973	68300	민주노동당	4124
경상남도	4800	통영시	104960	53818	52695	1123	51142	민주노동당	3027
경상남도	4800	고성군	46001	24326	23580	746	21675	민주노동당	2066
경상남도	4800	사천시	87843	50641	49450	1191	37202	민주노동당	11589
경상남도	4800	김해시	332723	143267	141637	1630	189456	민주노동당	11554
경상남도	4800	밀양시	89892	47653	46593	1060	42239	민주노동당	2782
경상남도	4800	거제시	153055	67242	65945	1297	85813	민주노동당	7568
경상남도	4800	의령군	26030	14340	13893	447	11690	민주노동당	1618
경상남도	4800	함안군	51687	24426	23862	564	27261	민주노동당	3271
경상남도	4800	창녕군	51421	23973	23355	618	27448	민주노동당	1754
경상남도	4800	양산시	171714	69505	68481	1024	102209	민주노동당	6002
경상남도	4800	하동군	44535	32062	30642	1420	12473	민주노동당	2783
경상남도	4800	남해군	44010	30719	28684	2035	13291	민주노동당	2536
경상남도	4800	함양군	33465	18998	18345	653	14467	민주노동당	1030
경상남도	4800	산청군	30054	16422	15970	452	13632	민주노동당	1435
경상남도	4800	거창군	50779	29014	28129	885	21765	민주노동당	2297
경상남도	4800	합천군	45265	25930	25171	759	19335	민주노동당	2729
경상남도	4800	창원시	364638	170081	168574	1507	194557	창조한국당	6704
경상남도	4800	마산시	322718	143885	142106	1779	178833	창조한국당	4760
경상남도	4800	진주시	251125	131017	128853	2164	120108	창조한국당	4248
경상남도	4800	진해시	122687	54387	53414	973	68300	창조한국당	2375
경상남도	4800	통영시	104960	53818	52695	1123	51142	창조한국당	1487
경상남도	4800	고성군	46001	24326	23580	746	21675	창조한국당	546
경상남도	4800	사천시	87843	50641	49450	1191	37202	창조한국당	1214
경상남도	4800	김해시	332723	143267	141637	1630	189456	창조한국당	7122
경상남도	4800	밀양시	89892	47653	46593	1060	42239	창조한국당	1337
경상남도	4800	거제시	153055	67242	65945	1297	85813	창조한국당	1774
경상남도	4800	의령군	26030	14340	13893	447	11690	창조한국당	316
경상남도	4800	함안군	51687	24426	23862	564	27261	창조한국당	699
경상남도	4800	창녕군	51421	23973	23355	618	27448	창조한국당	568
경상남도	4800	양산시	171714	69505	68481	1024	102209	창조한국당	2791
경상남도	4800	하동군	44535	32062	30642	1420	12473	창조한국당	697
경상남도	4800	남해군	44010	30719	28684	2035	13291	창조한국당	695
경상남도	4800	함양군	33465	18998	18345	653	14467	창조한국당	445
경상남도	4800	산청군	30054	16422	15970	452	13632	창조한국당	381
경상남도	4800	거창군	50779	29014	28129	885	21765	창조한국당	660
경상남도	4800	합천군	45265	25930	25171	759	19335	창조한국당	516
경상남도	4800	창원시	364638	170081	168574	1507	194557	친박연대	30592
경상남도	4800	마산시	322718	143885	142106	1779	178833	친박연대	29968
경상남도	4800	진주시	251125	131017	128853	2164	120108	친박연대	24863
경상남도	4800	진해시	122687	54387	53414	973	68300	친박연대	10201
경상남도	4800	통영시	104960	53818	52695	1123	51142	친박연대	7074
경상남도	4800	고성군	46001	24326	23580	746	21675	친박연대	3831
경상남도	4800	사천시	87843	50641	49450	1191	37202	친박연대	6111
경상남도	4800	김해시	332723	143267	141637	1630	189456	친박연대	22147
경상남도	4800	밀양시	89892	47653	46593	1060	42239	친박연대	10368
경상남도	4800	거제시	153055	67242	65945	1297	85813	친박연대	8743
경상남도	4800	의령군	26030	14340	13893	447	11690	친박연대	2372
경상남도	4800	함안군	51687	24426	23862	564	27261	친박연대	4436
경상남도	4800	창녕군	51421	23973	23355	618	27448	친박연대	5325
경상남도	4800	양산시	171714	69505	68481	1024	102209	친박연대	15775
경상남도	4800	하동군	44535	32062	30642	1420	12473	친박연대	3170
경상남도	4800	남해군	44010	30719	28684	2035	13291	친박연대	2925
경상남도	4800	함양군	33465	18998	18345	653	14467	친박연대	3976
경상남도	4800	산청군	30054	16422	15970	452	13632	친박연대	3116
경상남도	4800	거창군	50779	29014	28129	885	21765	친박연대	7252
경상남도	4800	합천군	45265	25930	25171	759	19335	친박연대	4128
경상남도	4800	창원시	364638	170081	168574	1507	194557	국민실향안보당	213
경상남도	4800	마산시	322718	143885	142106	1779	178833	국민실향안보당	353
경상남도	4800	진주시	251125	131017	128853	2164	120108	국민실향안보당	607
경상남도	4800	진해시	122687	54387	53414	973	68300	국민실향안보당	327
경상남도	4800	통영시	104960	53818	52695	1123	51142	국민실향안보당	1085
경상남도	4800	고성군	46001	24326	23580	746	21675	국민실향안보당	673
경상남도	4800	사천시	87843	50641	49450	1191	37202	국민실향안보당	73
경상남도	4800	김해시	332723	143267	141637	1630	189456	국민실향안보당	148
경상남도	4800	밀양시	89892	47653	46593	1060	42239	국민실향안보당	191
경상남도	4800	거제시	153055	67242	65945	1297	85813	국민실향안보당	153
경상남도	4800	의령군	26030	14340	13893	447	11690	국민실향안보당	80
경상남도	4800	함안군	51687	24426	23862	564	27261	국민실향안보당	96
경상남도	4800	창녕군	51421	23973	23355	618	27448	국민실향안보당	131
경상남도	4800	양산시	171714	69505	68481	1024	102209	국민실향안보당	235
경상남도	4800	하동군	44535	32062	30642	1420	12473	국민실향안보당	228
경상남도	4800	남해군	44010	30719	28684	2035	13291	국민실향안보당	1669
경상남도	4800	함양군	33465	18998	18345	653	14467	국민실향안보당	114
경상남도	4800	산청군	30054	16422	15970	452	13632	국민실향안보당	69
경상남도	4800	거창군	50779	29014	28129	885	21765	국민실향안보당	103
경상남도	4800	합천군	45265	25930	25171	759	19335	국민실향안보당	188
경상남도	4800	창원시	364638	170081	168574	1507	194557	기독당	3108
경상남도	4800	마산시	322718	143885	142106	1779	178833	기독당	1988
경상남도	4800	진주시	251125	131017	128853	2164	120108	기독당	2539
경상남도	4800	진해시	122687	54387	53414	973	68300	기독당	919
경상남도	4800	통영시	104960	53818	52695	1123	51142	기독당	918
경상남도	4800	고성군	46001	24326	23580	746	21675	기독당	408
경상남도	4800	사천시	87843	50641	49450	1191	37202	기독당	683
경상남도	4800	김해시	332723	143267	141637	1630	189456	기독당	3148
경상남도	4800	밀양시	89892	47653	46593	1060	42239	기독당	1242
경상남도	4800	거제시	153055	67242	65945	1297	85813	기독당	2721
경상남도	4800	의령군	26030	14340	13893	447	11690	기독당	419
경상남도	4800	함안군	51687	24426	23862	564	27261	기독당	644
경상남도	4800	창녕군	51421	23973	23355	618	27448	기독당	594
경상남도	4800	양산시	171714	69505	68481	1024	102209	기독당	2453
경상남도	4800	하동군	44535	32062	30642	1420	12473	기독당	439
경상남도	4800	남해군	44010	30719	28684	2035	13291	기독당	637
경상남도	4800	함양군	33465	18998	18345	653	14467	기독당	296
경상남도	4800	산청군	30054	16422	15970	452	13632	기독당	218
경상남도	4800	거창군	50779	29014	28129	885	21765	기독당	449
경상남도	4800	합천군	45265	25930	25171	759	19335	기독당	1077
경상남도	4800	창원시	364638	170081	168574	1507	194557	문화예술당	242
경상남도	4800	마산시	322718	143885	142106	1779	178833	문화예술당	204
경상남도	4800	진주시	251125	131017	128853	2164	120108	문화예술당	1139
경상남도	4800	진해시	122687	54387	53414	973	68300	문화예술당	135
경상남도	4800	통영시	104960	53818	52695	1123	51142	문화예술당	88
경상남도	4800	고성군	46001	24326	23580	746	21675	문화예술당	63
경상남도	4800	사천시	87843	50641	49450	1191	37202	문화예술당	79
경상남도	4800	김해시	332723	143267	141637	1630	189456	문화예술당	200
경상남도	4800	밀양시	89892	47653	46593	1060	42239	문화예술당	145
경상남도	4800	거제시	153055	67242	65945	1297	85813	문화예술당	144
경상남도	4800	의령군	26030	14340	13893	447	11690	문화예술당	71
경상남도	4800	함안군	51687	24426	23862	564	27261	문화예술당	61
경상남도	4800	창녕군	51421	23973	23355	618	27448	문화예술당	93
경상남도	4800	양산시	171714	69505	68481	1024	102209	문화예술당	247
경상남도	4800	하동군	44535	32062	30642	1420	12473	문화예술당	56
경상남도	4800	남해군	44010	30719	28684	2035	13291	문화예술당	155
경상남도	4800	함양군	33465	18998	18345	653	14467	문화예술당	68
경상남도	4800	산청군	30054	16422	15970	452	13632	문화예술당	61
경상남도	4800	거창군	50779	29014	28129	885	21765	문화예술당	84
경상남도	4800	합천군	45265	25930	25171	759	19335	문화예술당	106
경상남도	4800	창원시	364638	170081	168574	1507	194557	시민당	151
경상남도	4800	마산시	322718	143885	142106	1779	178833	시민당	149
경상남도	4800	진주시	251125	131017	128853	2164	120108	시민당	226
경상남도	4800	진해시	122687	54387	53414	973	68300	시민당	98
경상남도	4800	통영시	104960	53818	52695	1123	51142	시민당	72
경상남도	4800	고성군	46001	24326	23580	746	21675	시민당	51
경상남도	4800	사천시	87843	50641	49450	1191	37202	시민당	84
경상남도	4800	김해시	332723	143267	141637	1630	189456	시민당	121
경상남도	4800	밀양시	89892	47653	46593	1060	42239	시민당	102
경상남도	4800	거제시	153055	67242	65945	1297	85813	시민당	109
경상남도	4800	의령군	26030	14340	13893	447	11690	시민당	52
경상남도	4800	함안군	51687	24426	23862	564	27261	시민당	55
경상남도	4800	창녕군	51421	23973	23355	618	27448	시민당	61
경상남도	4800	양산시	171714	69505	68481	1024	102209	시민당	125
경상남도	4800	하동군	44535	32062	30642	1420	12473	시민당	39
경상남도	4800	남해군	44010	30719	28684	2035	13291	시민당	89
경상남도	4800	함양군	33465	18998	18345	653	14467	시민당	52
경상남도	4800	산청군	30054	16422	15970	452	13632	시민당	47
경상남도	4800	거창군	50779	29014	28129	885	21765	시민당	70
경상남도	4800	합천군	45265	25930	25171	759	19335	시민당	61
경상남도	4800	창원시	364638	170081	168574	1507	194557	신미래당	168
경상남도	4800	마산시	322718	143885	142106	1779	178833	신미래당	522
경상남도	4800	진주시	251125	131017	128853	2164	120108	신미래당	162
경상남도	4800	진해시	122687	54387	53414	973	68300	신미래당	79
경상남도	4800	통영시	104960	53818	52695	1123	51142	신미래당	72
경상남도	4800	고성군	46001	24326	23580	746	21675	신미래당	45
경상남도	4800	사천시	87843	50641	49450	1191	37202	신미래당	63
경상남도	4800	김해시	332723	143267	141637	1630	189456	신미래당	121
경상남도	4800	밀양시	89892	47653	46593	1060	42239	신미래당	82
경상남도	4800	거제시	153055	67242	65945	1297	85813	신미래당	83
경상남도	4800	의령군	26030	14340	13893	447	11690	신미래당	35
경상남도	4800	함안군	51687	24426	23862	564	27261	신미래당	50
경상남도	4800	창녕군	51421	23973	23355	618	27448	신미래당	57
경상남도	4800	양산시	171714	69505	68481	1024	102209	신미래당	63
경상남도	4800	하동군	44535	32062	30642	1420	12473	신미래당	29
경상남도	4800	남해군	44010	30719	28684	2035	13291	신미래당	67
경상남도	4800	함양군	33465	18998	18345	653	14467	신미래당	42
경상남도	4800	산청군	30054	16422	15970	452	13632	신미래당	37
경상남도	4800	거창군	50779	29014	28129	885	21765	신미래당	49
경상남도	4800	합천군	45265	25930	25171	759	19335	신미래당	67
경상남도	4800	창원시	364638	170081	168574	1507	194557	직능연합당	135
경상남도	4800	마산시	322718	143885	142106	1779	178833	직능연합당	124
경상남도	4800	진주시	251125	131017	128853	2164	120108	직능연합당	135
경상남도	4800	진해시	122687	54387	53414	973	68300	직능연합당	60
경상남도	4800	통영시	104960	53818	52695	1123	51142	직능연합당	60
경상남도	4800	고성군	46001	24326	23580	746	21675	직능연합당	55
경상남도	4800	사천시	87843	50641	49450	1191	37202	직능연합당	124
경상남도	4800	김해시	332723	143267	141637	1630	189456	직능연합당	140
경상남도	4800	밀양시	89892	47653	46593	1060	42239	직능연합당	86
경상남도	4800	거제시	153055	67242	65945	1297	85813	직능연합당	88
경상남도	4800	의령군	26030	14340	13893	447	11690	직능연합당	53
경상남도	4800	함안군	51687	24426	23862	564	27261	직능연합당	28
경상남도	4800	창녕군	51421	23973	23355	618	27448	직능연합당	47
경상남도	4800	양산시	171714	69505	68481	1024	102209	직능연합당	48
경상남도	4800	하동군	44535	32062	30642	1420	12473	직능연합당	30
경상남도	4800	남해군	44010	30719	28684	2035	13291	직능연합당	64
경상남도	4800	함양군	33465	18998	18345	653	14467	직능연합당	53
경상남도	4800	산청군	30054	16422	15970	452	13632	직능연합당	46
경상남도	4800	거창군	50779	29014	28129	885	21765	직능연합당	57
경상남도	4800	합천군	45265	25930	25171	759	19335	직능연합당	115
경상남도	4800	창원시	364638	170081	168574	1507	194557	진보신당	6785
경상남도	4800	마산시	322718	143885	142106	1779	178833	진보신당	5223
경상남도	4800	진주시	251125	131017	128853	2164	120108	진보신당	2728
경상남도	4800	진해시	122687	54387	53414	973	68300	진보신당	1282
경상남도	4800	통영시	104960	53818	52695	1123	51142	진보신당	1101
경상남도	4800	고성군	46001	24326	23580	746	21675	진보신당	388
경상남도	4800	사천시	87843	50641	49450	1191	37202	진보신당	731
경상남도	4800	김해시	332723	143267	141637	1630	189456	진보신당	3445
경상남도	4800	밀양시	89892	47653	46593	1060	42239	진보신당	795
경상남도	4800	거제시	153055	67242	65945	1297	85813	진보신당	6668
경상남도	4800	의령군	26030	14340	13893	447	11690	진보신당	217
경상남도	4800	함안군	51687	24426	23862	564	27261	진보신당	445
경상남도	4800	창녕군	51421	23973	23355	618	27448	진보신당	354
경상남도	4800	양산시	171714	69505	68481	1024	102209	진보신당	1687
경상남도	4800	하동군	44535	32062	30642	1420	12473	진보신당	435
경상남도	4800	남해군	44010	30719	28684	2035	13291	진보신당	464
경상남도	4800	함양군	33465	18998	18345	653	14467	진보신당	381
경상남도	4800	산청군	30054	16422	15970	452	13632	진보신당	269
경상남도	4800	거창군	50779	29014	28129	885	21765	진보신당	446
경상남도	4800	합천군	45265	25930	25171	759	19335	진보신당	346
경상남도	4800	창원시	364638	170081	168574	1507	194557	평화통일가정당	2474
경상남도	4800	마산시	322718	143885	142106	1779	178833	평화통일가정당	1659
경상남도	4800	진주시	251125	131017	128853	2164	120108	평화통일가정당	1279
경상남도	4800	진해시	122687	54387	53414	973	68300	평화통일가정당	755
경상남도	4800	통영시	104960	53818	52695	1123	51142	평화통일가정당	699
경상남도	4800	고성군	46001	24326	23580	746	21675	평화통일가정당	597
경상남도	4800	사천시	87843	50641	49450	1191	37202	평화통일가정당	934
경상남도	4800	김해시	332723	143267	141637	1630	189456	평화통일가정당	1123
경상남도	4800	밀양시	89892	47653	46593	1060	42239	평화통일가정당	968
경상남도	4800	거제시	153055	67242	65945	1297	85813	평화통일가정당	800
경상남도	4800	의령군	26030	14340	13893	447	11690	평화통일가정당	266
경상남도	4800	함안군	51687	24426	23862	564	27261	평화통일가정당	371
경상남도	4800	창녕군	51421	23973	23355	618	27448	평화통일가정당	410
경상남도	4800	양산시	171714	69505	68481	1024	102209	평화통일가정당	703
경상남도	4800	하동군	44535	32062	30642	1420	12473	평화통일가정당	395
경상남도	4800	남해군	44010	30719	28684	2035	13291	평화통일가정당	445
경상남도	4800	함양군	33465	18998	18345	653	14467	평화통일가정당	577
경상남도	4800	산청군	30054	16422	15970	452	13632	평화통일가정당	296
경상남도	4800	거창군	50779	29014	28129	885	21765	평화통일가정당	566
경상남도	4800	합천군	45265	25930	25171	759	19335	평화통일가정당	619
경상남도	4800	창원시	364638	170081	168574	1507	194557	한국사회당	183
경상남도	4800	마산시	322718	143885	142106	1779	178833	한국사회당	219
경상남도	4800	진주시	251125	131017	128853	2164	120108	한국사회당	373
경상남도	4800	진해시	122687	54387	53414	973	68300	한국사회당	106
경상남도	4800	통영시	104960	53818	52695	1123	51142	한국사회당	196
경상남도	4800	고성군	46001	24326	23580	746	21675	한국사회당	145
경상남도	4800	사천시	87843	50641	49450	1191	37202	한국사회당	162
경상남도	4800	김해시	332723	143267	141637	1630	189456	한국사회당	195
경상남도	4800	밀양시	89892	47653	46593	1060	42239	한국사회당	239
경상남도	4800	거제시	153055	67242	65945	1297	85813	한국사회당	230
경상남도	4800	의령군	26030	14340	13893	447	11690	한국사회당	146
경상남도	4800	함안군	51687	24426	23862	564	27261	한국사회당	104
경상남도	4800	창녕군	51421	23973	23355	618	27448	한국사회당	153
경상남도	4800	양산시	171714	69505	68481	1024	102209	한국사회당	137
경상남도	4800	하동군	44535	32062	30642	1420	12473	한국사회당	232
경상남도	4800	남해군	44010	30719	28684	2035	13291	한국사회당	315
경상남도	4800	함양군	33465	18998	18345	653	14467	한국사회당	122
경상남도	4800	산청군	30054	16422	15970	452	13632	한국사회당	120
경상남도	4800	거창군	50779	29014	28129	885	21765	한국사회당	177
경상남도	4800	합천군	45265	25930	25171	759	19335	한국사회당	306
제주특별자치도	4900	제주시	296668	154626	152055	2571	142042	통합민주당	45395
제주특별자치도	4900	서귀포시	117236	66819	65391	1428	50417	통합민주당	20325
제주특별자치도	4900	제주시	296668	154626	152055	2571	142042	한나라당	49870
제주특별자치도	4900	서귀포시	117236	66819	65391	1428	50417	한나라당	20603
제주특별자치도	4900	제주시	296668	154626	152055	2571	142042	자유선진당	6660
제주특별자치도	4900	서귀포시	117236	66819	65391	1428	50417	자유선진당	2412
제주특별자치도	4900	제주시	296668	154626	152055	2571	142042	민주노동당	12284
제주특별자치도	4900	서귀포시	117236	66819	65391	1428	50417	민주노동당	9434
제주특별자치도	4900	제주시	296668	154626	152055	2571	142042	창조한국당	7868
제주특별자치도	4900	서귀포시	117236	66819	65391	1428	50417	창조한국당	3146
제주특별자치도	4900	제주시	296668	154626	152055	2571	142042	친박연대	20301
제주특별자치도	4900	서귀포시	117236	66819	65391	1428	50417	친박연대	6440
제주특별자치도	4900	제주시	296668	154626	152055	2571	142042	국민실향안보당	921
제주특별자치도	4900	서귀포시	117236	66819	65391	1428	50417	국민실향안보당	69
제주특별자치도	4900	제주시	296668	154626	152055	2571	142042	기독당	1763
제주특별자치도	4900	서귀포시	117236	66819	65391	1428	50417	기독당	672
제주특별자치도	4900	제주시	296668	154626	152055	2571	142042	문화예술당	291
제주특별자치도	4900	서귀포시	117236	66819	65391	1428	50417	문화예술당	75
제주특별자치도	4900	제주시	296668	154626	152055	2571	142042	시민당	219
제주특별자치도	4900	서귀포시	117236	66819	65391	1428	50417	시민당	89
제주특별자치도	4900	제주시	296668	154626	152055	2571	142042	신미래당	143
제주특별자치도	4900	서귀포시	117236	66819	65391	1428	50417	신미래당	65
제주특별자치도	4900	제주시	296668	154626	152055	2571	142042	직능연합당	158
제주특별자치도	4900	서귀포시	117236	66819	65391	1428	50417	직능연합당	69
제주특별자치도	4900	제주시	296668	154626	152055	2571	142042	진보신당	3974
제주특별자치도	4900	서귀포시	117236	66819	65391	1428	50417	진보신당	1088
제주특별자치도	4900	제주시	296668	154626	152055	2571	142042	평화통일가정당	1696
제주특별자치도	4900	서귀포시	117236	66819	65391	1428	50417	평화통일가정당	613
제주특별자치도	4900	제주시	296668	154626	152055	2571	142042	한국사회당	512
제주특별자치도	4900	서귀포시	117236	66819	65391	1428	50417	한국사회당	291
