광역	광역코드	시군구	선거인수	투표수	유효투표수	무효투표수	기권수	정당	득표수
서울특별시	1100	종로구	138917	77805	76637	1168	61112	한나라당	31729
서울특별시	1100	중구	109000	60760	59519	1241	48240	한나라당	24533
서울특별시	1100	용산구	198044	105015	103386	1629	93029	한나라당	46721
서울특별시	1100	성동구	250316	135281	133400	1881	115035	한나라당	54752
서울특별시	1100	광진구	301603	158986	156801	2185	142617	한나라당	62025
서울특별시	1100	동대문구	297206	160477	158043	2434	136729	한나라당	64186
서울특별시	1100	중랑구	343810	172251	169905	2346	171559	한나라당	69251
서울특별시	1100	성북구	383508	204662	201945	2717	178846	한나라당	78068
서울특별시	1100	강북구	276171	142075	140078	1997	134096	한나라당	53567
서울특별시	1100	도봉구	292842	159955	157729	2226	132887	한나라당	63856
서울특별시	1100	노원구	470325	264037	260604	3433	206288	한나라당	101939
서울특별시	1100	은평구	376385	192942	190268	2674	183443	한나라당	74075
서울특별시	1100	서대문구	266950	146822	144765	2057	120128	한나라당	56180
서울특별시	1100	마포구	313579	172890	170648	2242	140689	한나라당	64652
서울특별시	1100	양천구	382358	214876	211664	3212	167482	한나라당	86546
서울특별시	1100	강서구	455047	242772	239854	2918	212275	한나라당	95845
서울특별시	1100	구로구	339568	187956	185659	2297	151612	한나라당	71204
서울특별시	1100	금천구	197080	103675	102097	1578	93405	한나라당	37633
서울특별시	1100	영등포구	329379	180344	177590	2754	149035	한나라당	72917
서울특별시	1100	동작구	325558	184237	182111	2126	141321	한나라당	70974
서울특별시	1100	관악구	442049	238361	235551	2810	203688	한나라당	77863
서울특별시	1100	서초구	341599	186010	184196	1814	155589	한나라당	99983
서울특별시	1100	강남구	452744	231892	229442	2450	220852	한나라당	127448
서울특별시	1100	송파구	539644	292404	289187	3217	247240	한나라당	132122
서울특별시	1100	강동구	387779	209713	207154	2559	178066	한나라당	89650
서울특별시	1100	종로구	138917	77805	76637	1168	61112	민주당	31528
서울특별시	1100	중구	109000	60760	59519	1241	48240	민주당	24983
서울특별시	1100	용산구	198044	105015	103386	1629	93029	민주당	38716
서울특별시	1100	성동구	250316	135281	133400	1881	115035	민주당	56193
서울특별시	1100	광진구	301603	158986	156801	2185	142617	민주당	66824
서울특별시	1100	동대문구	297206	160477	158043	2434	136729	민주당	67660
서울특별시	1100	중랑구	343810	172251	169905	2346	171559	민주당	74303
서울특별시	1100	성북구	383508	204662	201945	2717	178846	민주당	85366
서울특별시	1100	강북구	276171	142075	140078	1997	134096	민주당	63305
서울특별시	1100	도봉구	292842	159955	157729	2226	132887	민주당	65869
서울특별시	1100	노원구	470325	264037	260604	3433	206288	민주당	109775
서울특별시	1100	은평구	376385	192942	190268	2674	183443	민주당	85214
서울특별시	1100	서대문구	266950	146822	144765	2057	120128	민주당	62319
서울특별시	1100	마포구	313579	172890	170648	2242	140689	민주당	69067
서울특별시	1100	양천구	382358	214876	211664	3212	167482	민주당	88458
서울특별시	1100	강서구	455047	242772	239854	2918	212275	민주당	103191
서울특별시	1100	구로구	339568	187956	185659	2297	151612	민주당	81684
서울특별시	1100	금천구	197080	103675	102097	1578	93405	민주당	47025
서울특별시	1100	영등포구	329379	180344	177590	2754	149035	민주당	72230
서울특별시	1100	동작구	325558	184237	182111	2126	141321	민주당	77955
서울특별시	1100	관악구	442049	238361	235551	2810	203688	민주당	105302
서울특별시	1100	서초구	341599	186010	184196	1814	155589	민주당	54892
서울특별시	1100	강남구	452744	231892	229442	2450	220852	민주당	67482
서울특별시	1100	송파구	539644	292404	289187	3217	247240	민주당	107299
서울특별시	1100	강동구	387779	209713	207154	2559	178066	민주당	83916
서울특별시	1100	종로구	138917	77805	76637	1168	61112	자유선진당	2379
서울특별시	1100	중구	109000	60760	59519	1241	48240	자유선진당	1801
서울특별시	1100	용산구	198044	105015	103386	1629	93029	자유선진당	3810
서울특별시	1100	성동구	250316	135281	133400	1881	115035	자유선진당	3934
서울특별시	1100	광진구	301603	158986	156801	2185	142617	자유선진당	4696
서울특별시	1100	동대문구	297206	160477	158043	2434	136729	자유선진당	4987
서울특별시	1100	중랑구	343810	172251	169905	2346	171559	자유선진당	4991
서울특별시	1100	성북구	383508	204662	201945	2717	178846	자유선진당	6519
서울특별시	1100	강북구	276171	142075	140078	1997	134096	자유선진당	3713
서울특별시	1100	도봉구	292842	159955	157729	2226	132887	자유선진당	4404
서울특별시	1100	노원구	470325	264037	260604	3433	206288	자유선진당	8000
서울특별시	1100	은평구	376385	192942	190268	2674	183443	자유선진당	5896
서울특별시	1100	서대문구	266950	146822	144765	2057	120128	자유선진당	4325
서울특별시	1100	마포구	313579	172890	170648	2242	140689	자유선진당	5024
서울특별시	1100	양천구	382358	214876	211664	3212	167482	자유선진당	7550
서울특별시	1100	강서구	455047	242772	239854	2918	212275	자유선진당	8416
서울특별시	1100	구로구	339568	187956	185659	2297	151612	자유선진당	7009
서울특별시	1100	금천구	197080	103675	102097	1578	93405	자유선진당	4709
서울특별시	1100	영등포구	329379	180344	177590	2754	149035	자유선진당	6347
서울특별시	1100	동작구	325558	184237	182111	2126	141321	자유선진당	5959
서울특별시	1100	관악구	442049	238361	235551	2810	203688	자유선진당	8356
서울특별시	1100	서초구	341599	186010	184196	1814	155589	자유선진당	6026
서울특별시	1100	강남구	452744	231892	229442	2450	220852	자유선진당	8120
서울특별시	1100	송파구	539644	292404	289187	3217	247240	자유선진당	9963
서울특별시	1100	강동구	387779	209713	207154	2559	178066	자유선진당	6348
서울특별시	1100	종로구	138917	77805	76637	1168	61112	민주노동당	2578
서울특별시	1100	중구	109000	60760	59519	1241	48240	민주노동당	2195
서울특별시	1100	용산구	198044	105015	103386	1629	93029	민주노동당	3927
서울특별시	1100	성동구	250316	135281	133400	1881	115035	민주노동당	6681
서울특별시	1100	광진구	301603	158986	156801	2185	142617	민주노동당	6101
서울특별시	1100	동대문구	297206	160477	158043	2434	136729	민주노동당	5759
서울특별시	1100	중랑구	343810	172251	169905	2346	171559	민주노동당	6342
서울특별시	1100	성북구	383508	204662	201945	2717	178846	민주노동당	7773
서울특별시	1100	강북구	276171	142075	140078	1997	134096	민주노동당	5694
서울특별시	1100	도봉구	292842	159955	157729	2226	132887	민주노동당	6736
서울특별시	1100	노원구	470325	264037	260604	3433	206288	민주노동당	12923
서울특별시	1100	은평구	376385	192942	190268	2674	183443	민주노동당	6352
서울특별시	1100	서대문구	266950	146822	144765	2057	120128	민주노동당	6231
서울특별시	1100	마포구	313579	172890	170648	2242	140689	민주노동당	7742
서울특별시	1100	양천구	382358	214876	211664	3212	167482	민주노동당	8182
서울특별시	1100	강서구	455047	242772	239854	2918	212275	민주노동당	8708
서울특별시	1100	구로구	339568	187956	185659	2297	151612	민주노동당	7906
서울특별시	1100	금천구	197080	103675	102097	1578	93405	민주노동당	4660
서울특별시	1100	영등포구	329379	180344	177590	2754	149035	민주노동당	6299
서울특별시	1100	동작구	325558	184237	182111	2126	141321	민주노동당	6520
서울특별시	1100	관악구	442049	238361	235551	2810	203688	민주노동당	12066
서울특별시	1100	서초구	341599	186010	184196	1814	155589	민주노동당	4962
서울특별시	1100	강남구	452744	231892	229442	2450	220852	민주노동당	5916
서울특별시	1100	송파구	539644	292404	289187	3217	247240	민주노동당	9487
서울특별시	1100	강동구	387779	209713	207154	2559	178066	민주노동당	7081
서울특별시	1100	종로구	138917	77805	76637	1168	61112	진보신당	3479
서울특별시	1100	중구	109000	60760	59519	1241	48240	진보신당	1792
서울특별시	1100	용산구	198044	105015	103386	1629	93029	진보신당	4300
서울특별시	1100	성동구	250316	135281	133400	1881	115035	진보신당	4072
서울특별시	1100	광진구	301603	158986	156801	2185	142617	진보신당	5096
서울특별시	1100	동대문구	297206	160477	158043	2434	136729	진보신당	5104
서울특별시	1100	중랑구	343810	172251	169905	2346	171559	진보신당	4821
서울특별시	1100	성북구	383508	204662	201945	2717	178846	진보신당	8587
서울특별시	1100	강북구	276171	142075	140078	1997	134096	진보신당	6399
서울특별시	1100	도봉구	292842	159955	157729	2226	132887	진보신당	5203
서울특별시	1100	노원구	470325	264037	260604	3433	206288	진보신당	12047
서울특별시	1100	은평구	376385	192942	190268	2674	183443	진보신당	7484
서울특별시	1100	서대문구	266950	146822	144765	2057	120128	진보신당	5938
서울특별시	1100	마포구	313579	172890	170648	2242	140689	진보신당	8951
서울특별시	1100	양천구	382358	214876	211664	3212	167482	진보신당	7614
서울특별시	1100	강서구	455047	242772	239854	2918	212275	진보신당	8581
서울특별시	1100	구로구	339568	187956	185659	2297	151612	진보신당	6858
서울특별시	1100	금천구	197080	103675	102097	1578	93405	진보신당	2703
서울특별시	1100	영등포구	329379	180344	177590	2754	149035	진보신당	7462
서울특별시	1100	동작구	325558	184237	182111	2126	141321	진보신당	7827
서울특별시	1100	관악구	442049	238361	235551	2810	203688	진보신당	14427
서울특별시	1100	서초구	341599	186010	184196	1814	155589	진보신당	6703
서울특별시	1100	강남구	452744	231892	229442	2450	220852	진보신당	7841
서울특별시	1100	송파구	539644	292404	289187	3217	247240	진보신당	8723
서울특별시	1100	강동구	387779	209713	207154	2559	178066	진보신당	7125
서울특별시	1100	종로구	138917	77805	76637	1168	61112	국민참여당	3729
서울특별시	1100	중구	109000	60760	59519	1241	48240	국민참여당	2774
서울특별시	1100	용산구	198044	105015	103386	1629	93029	국민참여당	3859
서울특별시	1100	성동구	250316	135281	133400	1881	115035	국민참여당	5658
서울특별시	1100	광진구	301603	158986	156801	2185	142617	국민참여당	9222
서울특별시	1100	동대문구	297206	160477	158043	2434	136729	국민참여당	6976
서울특별시	1100	중랑구	343810	172251	169905	2346	171559	국민참여당	6747
서울특별시	1100	성북구	383508	204662	201945	2717	178846	국민참여당	12687
서울특별시	1100	강북구	276171	142075	140078	1997	134096	국민참여당	5189
서울특별시	1100	도봉구	292842	159955	157729	2226	132887	국민참여당	8619
서울특별시	1100	노원구	470325	264037	260604	3433	206288	국민참여당	11100
서울특별시	1100	은평구	376385	192942	190268	2674	183443	국민참여당	7460
서울특별시	1100	서대문구	266950	146822	144765	2057	120128	국민참여당	7461
서울특별시	1100	마포구	313579	172890	170648	2242	140689	국민참여당	12401
서울특별시	1100	양천구	382358	214876	211664	3212	167482	국민참여당	9113
서울특별시	1100	강서구	455047	242772	239854	2918	212275	국민참여당	11283
서울특별시	1100	구로구	339568	187956	185659	2297	151612	국민참여당	7926
서울특별시	1100	금천구	197080	103675	102097	1578	93405	국민참여당	3687
서울특별시	1100	영등포구	329379	180344	177590	2754	149035	국민참여당	8493
서울특별시	1100	동작구	325558	184237	182111	2126	141321	국민참여당	10181
서울특별시	1100	관악구	442049	238361	235551	2810	203688	국민참여당	13698
서울특별시	1100	서초구	341599	186010	184196	1814	155589	국민참여당	8950
서울특별시	1100	강남구	452744	231892	229442	2450	220852	국민참여당	8667
서울특별시	1100	송파구	539644	292404	289187	3217	247240	국민참여당	16815
서울특별시	1100	강동구	387779	209713	207154	2559	178066	국민참여당	9612
서울특별시	1100	종로구	138917	77805	76637	1168	61112	미래연합	215
서울특별시	1100	중구	109000	60760	59519	1241	48240	미래연합	288
서울특별시	1100	용산구	198044	105015	103386	1629	93029	미래연합	394
서울특별시	1100	성동구	250316	135281	133400	1881	115035	미래연합	284
서울특별시	1100	광진구	301603	158986	156801	2185	142617	미래연합	393
서울특별시	1100	동대문구	297206	160477	158043	2434	136729	미래연합	381
서울특별시	1100	중랑구	343810	172251	169905	2346	171559	미래연합	403
서울특별시	1100	성북구	383508	204662	201945	2717	178846	미래연합	467
서울특별시	1100	강북구	276171	142075	140078	1997	134096	미래연합	356
서울특별시	1100	도봉구	292842	159955	157729	2226	132887	미래연합	938
서울특별시	1100	노원구	470325	264037	260604	3433	206288	미래연합	1225
서울특별시	1100	은평구	376385	192942	190268	2674	183443	미래연합	623
서울특별시	1100	서대문구	266950	146822	144765	2057	120128	미래연합	342
서울특별시	1100	마포구	313579	172890	170648	2242	140689	미래연합	416
서울특별시	1100	양천구	382358	214876	211664	3212	167482	미래연합	589
서울특별시	1100	강서구	455047	242772	239854	2918	212275	미래연합	549
서울특별시	1100	구로구	339568	187956	185659	2297	151612	미래연합	422
서울특별시	1100	금천구	197080	103675	102097	1578	93405	미래연합	242
서울특별시	1100	영등포구	329379	180344	177590	2754	149035	미래연합	1109
서울특별시	1100	동작구	325558	184237	182111	2126	141321	미래연합	419
서울특별시	1100	관악구	442049	238361	235551	2810	203688	미래연합	506
서울특별시	1100	서초구	341599	186010	184196	1814	155589	미래연합	488
서울특별시	1100	강남구	452744	231892	229442	2450	220852	미래연합	928
서울특별시	1100	송파구	539644	292404	289187	3217	247240	미래연합	989
서울특별시	1100	강동구	387779	209713	207154	2559	178066	미래연합	506
서울특별시	1100	종로구	138917	77805	76637	1168	61112	사회당	54
서울특별시	1100	중구	109000	60760	59519	1241	48240	사회당	71
서울특별시	1100	용산구	198044	105015	103386	1629	93029	사회당	85
서울특별시	1100	성동구	250316	135281	133400	1881	115035	사회당	91
서울특별시	1100	광진구	301603	158986	156801	2185	142617	사회당	118
서울특별시	1100	동대문구	297206	160477	158043	2434	136729	사회당	124
서울특별시	1100	중랑구	343810	172251	169905	2346	171559	사회당	132
서울특별시	1100	성북구	383508	204662	201945	2717	178846	사회당	133
서울특별시	1100	강북구	276171	142075	140078	1997	134096	사회당	92
서울특별시	1100	도봉구	292842	159955	157729	2226	132887	사회당	96
서울특별시	1100	노원구	470325	264037	260604	3433	206288	사회당	238
서울특별시	1100	은평구	376385	192942	190268	2674	183443	사회당	163
서울특별시	1100	서대문구	266950	146822	144765	2057	120128	사회당	116
서울특별시	1100	마포구	313579	172890	170648	2242	140689	사회당	214
서울특별시	1100	양천구	382358	214876	211664	3212	167482	사회당	173
서울특별시	1100	강서구	455047	242772	239854	2918	212275	사회당	159
서울특별시	1100	구로구	339568	187956	185659	2297	151612	사회당	178
서울특별시	1100	금천구	197080	103675	102097	1578	93405	사회당	86
서울특별시	1100	영등포구	329379	180344	177590	2754	149035	사회당	165
서울특별시	1100	동작구	325558	184237	182111	2126	141321	사회당	143
서울특별시	1100	관악구	442049	238361	235551	2810	203688	사회당	197
서울특별시	1100	서초구	341599	186010	184196	1814	155589	사회당	92
서울특별시	1100	강남구	452744	231892	229442	2450	220852	사회당	99
서울특별시	1100	송파구	539644	292404	289187	3217	247240	사회당	163
서울특별시	1100	강동구	387779	209713	207154	2559	178066	사회당	113
서울특별시	1100	종로구	138917	77805	76637	1168	61112	친박연합	715
서울특별시	1100	중구	109000	60760	59519	1241	48240	친박연합	825
서울특별시	1100	용산구	198044	105015	103386	1629	93029	친박연합	1230
서울특별시	1100	성동구	250316	135281	133400	1881	115035	친박연합	1303
서울특별시	1100	광진구	301603	158986	156801	2185	142617	친박연합	1912
서울특별시	1100	동대문구	297206	160477	158043	2434	136729	친박연합	2385
서울특별시	1100	중랑구	343810	172251	169905	2346	171559	친박연합	2375
서울특별시	1100	성북구	383508	204662	201945	2717	178846	친박연합	1773
서울특별시	1100	강북구	276171	142075	140078	1997	134096	친박연합	1328
서울특별시	1100	도봉구	292842	159955	157729	2226	132887	친박연합	1618
서울특별시	1100	노원구	470325	264037	260604	3433	206288	친박연합	2695
서울특별시	1100	은평구	376385	192942	190268	2674	183443	친박연합	2315
서울특별시	1100	서대문구	266950	146822	144765	2057	120128	친박연합	1439
서울특별시	1100	마포구	313579	172890	170648	2242	140689	친박연합	1704
서울특별시	1100	양천구	382358	214876	211664	3212	167482	친박연합	2674
서울특별시	1100	강서구	455047	242772	239854	2918	212275	친박연합	2266
서울특별시	1100	구로구	339568	187956	185659	2297	151612	친박연합	1810
서울특별시	1100	금천구	197080	103675	102097	1578	93405	친박연합	1032
서울특별시	1100	영등포구	329379	180344	177590	2754	149035	친박연합	2016
서울특별시	1100	동작구	325558	184237	182111	2126	141321	친박연합	1618
서울특별시	1100	관악구	442049	238361	235551	2810	203688	친박연합	1782
서울특별시	1100	서초구	341599	186010	184196	1814	155589	친박연합	1781
서울특별시	1100	강남구	452744	231892	229442	2450	220852	친박연합	2522
서울특별시	1100	송파구	539644	292404	289187	3217	247240	친박연합	3016
서울특별시	1100	강동구	387779	209713	207154	2559	178066	친박연합	2301
서울특별시	1100	종로구	138917	77805	76637	1168	61112	평화민주당	231
서울특별시	1100	중구	109000	60760	59519	1241	48240	평화민주당	257
서울특별시	1100	용산구	198044	105015	103386	1629	93029	평화민주당	344
서울특별시	1100	성동구	250316	135281	133400	1881	115035	평화민주당	432
서울특별시	1100	광진구	301603	158986	156801	2185	142617	평화민주당	414
서울특별시	1100	동대문구	297206	160477	158043	2434	136729	평화민주당	481
서울특별시	1100	중랑구	343810	172251	169905	2346	171559	평화민주당	540
서울특별시	1100	성북구	383508	204662	201945	2717	178846	평화민주당	572
서울특별시	1100	강북구	276171	142075	140078	1997	134096	평화민주당	435
서울특별시	1100	도봉구	292842	159955	157729	2226	132887	평화민주당	390
서울특별시	1100	노원구	470325	264037	260604	3433	206288	평화민주당	662
서울특별시	1100	은평구	376385	192942	190268	2674	183443	평화민주당	686
서울특별시	1100	서대문구	266950	146822	144765	2057	120128	평화민주당	414
서울특별시	1100	마포구	313579	172890	170648	2242	140689	평화민주당	477
서울특별시	1100	양천구	382358	214876	211664	3212	167482	평화민주당	765
서울특별시	1100	강서구	455047	242772	239854	2918	212275	평화민주당	856
서울특별시	1100	구로구	339568	187956	185659	2297	151612	평화민주당	662
서울특별시	1100	금천구	197080	103675	102097	1578	93405	평화민주당	320
서울특별시	1100	영등포구	329379	180344	177590	2754	149035	평화민주당	552
서울특별시	1100	동작구	325558	184237	182111	2126	141321	평화민주당	515
서울특별시	1100	관악구	442049	238361	235551	2810	203688	평화민주당	1354
서울특별시	1100	서초구	341599	186010	184196	1814	155589	평화민주당	319
서울특별시	1100	강남구	452744	231892	229442	2450	220852	평화민주당	419
서울특별시	1100	송파구	539644	292404	289187	3217	247240	평화민주당	610
서울특별시	1100	강동구	387779	209713	207154	2559	178066	평화민주당	502
부산광역시	2600	중구	41637	21347	20647	700	20290	한나라당	11996
부산광역시	2600	서구	104507	49171	47837	1334	55336	한나라당	27738
부산광역시	2600	동구	85200	43996	42297	1699	41204	한나라당	23151
부산광역시	2600	영도구	122392	59128	57738	1390	63264	한나라당	28954
부산광역시	2600	부산진구	322385	157880	154388	3492	164505	한나라당	78936
부산광역시	2600	동래구	224693	109639	107526	2113	115054	한나라당	56782
부산광역시	2600	남구	240421	116772	114421	2351	123649	한나라당	59572
부산광역시	2600	북구	243993	121927	119435	2492	122066	한나라당	56356
부산광역시	2600	해운대구	328744	157528	154507	3021	171216	한나라당	79358
부산광역시	2600	기장군	77263	44977	43071	1906	32286	한나라당	22995
부산광역시	2600	사하구	284062	135474	132721	2753	148588	한나라당	67952
부산광역시	2600	금정구	203914	103571	101336	2235	100343	한나라당	54294
부산광역시	2600	강서구	50837	29929	28652	1277	20908	한나라당	14085
부산광역시	2600	연제구	169354	88035	85975	2060	81319	한나라당	45826
부산광역시	2600	수영구	146237	71130	69773	1357	75107	한나라당	38796
부산광역시	2600	사상구	204256	99521	97415	2106	104735	한나라당	46020
부산광역시	2600	중구	41637	21347	20647	700	20290	민주당	4569
부산광역시	2600	서구	104507	49171	47837	1334	55336	민주당	11632
부산광역시	2600	동구	85200	43996	42297	1699	41204	민주당	10009
부산광역시	2600	영도구	122392	59128	57738	1390	63264	민주당	18127
부산광역시	2600	부산진구	322385	157880	154388	3492	164505	민주당	42938
부산광역시	2600	동래구	224693	109639	107526	2113	115054	민주당	30223
부산광역시	2600	남구	240421	116772	114421	2351	123649	민주당	31230
부산광역시	2600	북구	243993	121927	119435	2492	122066	민주당	36699
부산광역시	2600	해운대구	328744	157528	154507	3021	171216	민주당	38709
부산광역시	2600	기장군	77263	44977	43071	1906	32286	민주당	10329
부산광역시	2600	사하구	284062	135474	132721	2753	148588	민주당	41621
부산광역시	2600	금정구	203914	103571	101336	2235	100343	민주당	24460
부산광역시	2600	강서구	50837	29929	28652	1277	20908	민주당	8646
부산광역시	2600	연제구	169354	88035	85975	2060	81319	민주당	21527
부산광역시	2600	수영구	146237	71130	69773	1357	75107	민주당	17574
부산광역시	2600	사상구	204256	99521	97415	2106	104735	민주당	34895
부산광역시	2600	중구	41637	21347	20647	700	20290	민주노동당	1928
부산광역시	2600	서구	104507	49171	47837	1334	55336	민주노동당	3499
부산광역시	2600	동구	85200	43996	42297	1699	41204	민주노동당	3607
부산광역시	2600	영도구	122392	59128	57738	1390	63264	민주노동당	4661
부산광역시	2600	부산진구	322385	157880	154388	3492	164505	민주노동당	14079
부산광역시	2600	동래구	224693	109639	107526	2113	115054	민주노동당	7930
부산광역시	2600	남구	240421	116772	114421	2351	123649	민주노동당	9562
부산광역시	2600	북구	243993	121927	119435	2492	122066	민주노동당	11338
부산광역시	2600	해운대구	328744	157528	154507	3021	171216	민주노동당	11831
부산광역시	2600	기장군	77263	44977	43071	1906	32286	민주노동당	4102
부산광역시	2600	사하구	284062	135474	132721	2753	148588	민주노동당	10279
부산광역시	2600	금정구	203914	103571	101336	2235	100343	민주노동당	8601
부산광역시	2600	강서구	50837	29929	28652	1277	20908	민주노동당	2356
부산광역시	2600	연제구	169354	88035	85975	2060	81319	민주노동당	8292
부산광역시	2600	수영구	146237	71130	69773	1357	75107	민주노동당	5139
부산광역시	2600	사상구	204256	99521	97415	2106	104735	민주노동당	7488
부산광역시	2600	중구	41637	21347	20647	700	20290	진보신당	816
부산광역시	2600	서구	104507	49171	47837	1334	55336	진보신당	1595
부산광역시	2600	동구	85200	43996	42297	1699	41204	진보신당	1899
부산광역시	2600	영도구	122392	59128	57738	1390	63264	진보신당	2253
부산광역시	2600	부산진구	322385	157880	154388	3492	164505	진보신당	5513
부산광역시	2600	동래구	224693	109639	107526	2113	115054	진보신당	4536
부산광역시	2600	남구	240421	116772	114421	2351	123649	진보신당	5200
부산광역시	2600	북구	243993	121927	119435	2492	122066	진보신당	4577
부산광역시	2600	해운대구	328744	157528	154507	3021	171216	진보신당	6922
부산광역시	2600	기장군	77263	44977	43071	1906	32286	진보신당	1820
부산광역시	2600	사하구	284062	135474	132721	2753	148588	진보신당	4049
부산광역시	2600	금정구	203914	103571	101336	2235	100343	진보신당	3694
부산광역시	2600	강서구	50837	29929	28652	1277	20908	진보신당	1028
부산광역시	2600	연제구	169354	88035	85975	2060	81319	진보신당	3396
부산광역시	2600	수영구	146237	71130	69773	1357	75107	진보신당	2727
부산광역시	2600	사상구	204256	99521	97415	2106	104735	진보신당	3075
부산광역시	2600	중구	41637	21347	20647	700	20290	국민참여당	1210
부산광역시	2600	서구	104507	49171	47837	1334	55336	국민참여당	3038
부산광역시	2600	동구	85200	43996	42297	1699	41204	국민참여당	3166
부산광역시	2600	영도구	122392	59128	57738	1390	63264	국민참여당	3439
부산광역시	2600	부산진구	322385	157880	154388	3492	164505	국민참여당	12009
부산광역시	2600	동래구	224693	109639	107526	2113	115054	국민참여당	7493
부산광역시	2600	남구	240421	116772	114421	2351	123649	국민참여당	8307
부산광역시	2600	북구	243993	121927	119435	2492	122066	국민참여당	9781
부산광역시	2600	해운대구	328744	157528	154507	3021	171216	국민참여당	16992
부산광역시	2600	기장군	77263	44977	43071	1906	32286	국민참여당	3336
부산광역시	2600	사하구	284062	135474	132721	2753	148588	국민참여당	8158
부산광역시	2600	금정구	203914	103571	101336	2235	100343	국민참여당	9770
부산광역시	2600	강서구	50837	29929	28652	1277	20908	국민참여당	2242
부산광역시	2600	연제구	169354	88035	85975	2060	81319	국민참여당	6446
부산광역시	2600	수영구	146237	71130	69773	1357	75107	국민참여당	5150
부산광역시	2600	사상구	204256	99521	97415	2106	104735	국민참여당	5418
부산광역시	2600	중구	41637	21347	20647	700	20290	사회당	128
부산광역시	2600	서구	104507	49171	47837	1334	55336	사회당	335
부산광역시	2600	동구	85200	43996	42297	1699	41204	사회당	465
부산광역시	2600	영도구	122392	59128	57738	1390	63264	사회당	304
부산광역시	2600	부산진구	322385	157880	154388	3492	164505	사회당	913
부산광역시	2600	동래구	224693	109639	107526	2113	115054	사회당	562
부산광역시	2600	남구	240421	116772	114421	2351	123649	사회당	550
부산광역시	2600	북구	243993	121927	119435	2492	122066	사회당	684
부산광역시	2600	해운대구	328744	157528	154507	3021	171216	사회당	695
부산광역시	2600	기장군	77263	44977	43071	1906	32286	사회당	489
부산광역시	2600	사하구	284062	135474	132721	2753	148588	사회당	662
부산광역시	2600	금정구	203914	103571	101336	2235	100343	사회당	517
부산광역시	2600	강서구	50837	29929	28652	1277	20908	사회당	295
부산광역시	2600	연제구	169354	88035	85975	2060	81319	사회당	488
부산광역시	2600	수영구	146237	71130	69773	1357	75107	사회당	387
부산광역시	2600	사상구	204256	99521	97415	2106	104735	사회당	519
대구광역시	2700	중구	65102	31333	30629	704	33769	한나라당	17596
대구광역시	2700	동구	266834	123904	121482	2422	142930	한나라당	67839
대구광역시	2700	서구	183845	83923	81417	2506	99922	한나라당	49414
대구광역시	2700	남구	142035	61387	60078	1309	80648	한나라당	35809
대구광역시	2700	북구	339490	150689	147990	2699	188801	한나라당	79615
대구광역시	2700	수성구	342990	166962	163994	2968	176028	한나라당	88183
대구광역시	2700	달서구	454805	200177	197023	3154	254628	한나라당	106287
대구광역시	2700	달성군	133734	67667	65513	2154	66067	한나라당	37280
대구광역시	2700	중구	65102	31333	30629	704	33769	민주당	3408
대구광역시	2700	동구	266834	123904	121482	2422	142930	민주당	15171
대구광역시	2700	서구	183845	83923	81417	2506	99922	민주당	8518
대구광역시	2700	남구	142035	61387	60078	1309	80648	민주당	6124
대구광역시	2700	북구	339490	150689	147990	2699	188801	민주당	16708
대구광역시	2700	수성구	342990	166962	163994	2968	176028	민주당	17099
대구광역시	2700	달서구	454805	200177	197023	3154	254628	민주당	24977
대구광역시	2700	달성군	133734	67667	65513	2154	66067	민주당	7266
대구광역시	2700	중구	65102	31333	30629	704	33769	자유선진당	1145
대구광역시	2700	동구	266834	123904	121482	2422	142930	자유선진당	4271
대구광역시	2700	서구	183845	83923	81417	2506	99922	자유선진당	3002
대구광역시	2700	남구	142035	61387	60078	1309	80648	자유선진당	2391
대구광역시	2700	북구	339490	150689	147990	2699	188801	자유선진당	4842
대구광역시	2700	수성구	342990	166962	163994	2968	176028	자유선진당	5708
대구광역시	2700	달서구	454805	200177	197023	3154	254628	자유선진당	6986
대구광역시	2700	달성군	133734	67667	65513	2154	66067	자유선진당	2351
대구광역시	2700	중구	65102	31333	30629	704	33769	민주노동당	1169
대구광역시	2700	동구	266834	123904	121482	2422	142930	민주노동당	5280
대구광역시	2700	서구	183845	83923	81417	2506	99922	민주노동당	3543
대구광역시	2700	남구	142035	61387	60078	1309	80648	민주노동당	2477
대구광역시	2700	북구	339490	150689	147990	2699	188801	민주노동당	7877
대구광역시	2700	수성구	342990	166962	163994	2968	176028	민주노동당	6370
대구광역시	2700	달서구	454805	200177	197023	3154	254628	민주노동당	9607
대구광역시	2700	달성군	133734	67667	65513	2154	66067	민주노동당	5013
대구광역시	2700	중구	65102	31333	30629	704	33769	진보신당	792
대구광역시	2700	동구	266834	123904	121482	2422	142930	진보신당	2982
대구광역시	2700	서구	183845	83923	81417	2506	99922	진보신당	2624
대구광역시	2700	남구	142035	61387	60078	1309	80648	진보신당	1580
대구광역시	2700	북구	339490	150689	147990	2699	188801	진보신당	3982
대구광역시	2700	수성구	342990	166962	163994	2968	176028	진보신당	5679
대구광역시	2700	달서구	454805	200177	197023	3154	254628	진보신당	5261
대구광역시	2700	달성군	133734	67667	65513	2154	66067	진보신당	1497
대구광역시	2700	중구	65102	31333	30629	704	33769	국민참여당	1340
대구광역시	2700	동구	266834	123904	121482	2422	142930	국민참여당	6144
대구광역시	2700	서구	183845	83923	81417	2506	99922	국민참여당	3553
대구광역시	2700	남구	142035	61387	60078	1309	80648	국민참여당	2880
대구광역시	2700	북구	339490	150689	147990	2699	188801	국민참여당	8628
대구광역시	2700	수성구	342990	166962	163994	2968	176028	국민참여당	9798
대구광역시	2700	달서구	454805	200177	197023	3154	254628	국민참여당	12039
대구광역시	2700	달성군	133734	67667	65513	2154	66067	국민참여당	4192
대구광역시	2700	중구	65102	31333	30629	704	33769	미래연합	1457
대구광역시	2700	동구	266834	123904	121482	2422	142930	미래연합	1684
대구광역시	2700	서구	183845	83923	81417	2506	99922	미래연합	1064
대구광역시	2700	남구	142035	61387	60078	1309	80648	미래연합	2056
대구광역시	2700	북구	339490	150689	147990	2699	188801	미래연합	3021
대구광역시	2700	수성구	342990	166962	163994	2968	176028	미래연합	3079
대구광역시	2700	달서구	454805	200177	197023	3154	254628	미래연합	2688
대구광역시	2700	달성군	133734	67667	65513	2154	66067	미래연합	808
대구광역시	2700	중구	65102	31333	30629	704	33769	사회당	68
대구광역시	2700	동구	266834	123904	121482	2422	142930	사회당	256
대구광역시	2700	서구	183845	83923	81417	2506	99922	사회당	259
대구광역시	2700	남구	142035	61387	60078	1309	80648	사회당	94
대구광역시	2700	북구	339490	150689	147990	2699	188801	사회당	214
대구광역시	2700	수성구	342990	166962	163994	2968	176028	사회당	291
대구광역시	2700	달서구	454805	200177	197023	3154	254628	사회당	321
대구광역시	2700	달성군	133734	67667	65513	2154	66067	사회당	250
대구광역시	2700	중구	65102	31333	30629	704	33769	친박연합	3654
대구광역시	2700	동구	266834	123904	121482	2422	142930	친박연합	17855
대구광역시	2700	서구	183845	83923	81417	2506	99922	친박연합	9440
대구광역시	2700	남구	142035	61387	60078	1309	80648	친박연합	6667
대구광역시	2700	북구	339490	150689	147990	2699	188801	친박연합	23103
대구광역시	2700	수성구	342990	166962	163994	2968	176028	친박연합	27787
대구광역시	2700	달서구	454805	200177	197023	3154	254628	친박연합	28857
대구광역시	2700	달성군	133734	67667	65513	2154	66067	친박연합	6856
인천광역시	2800	중구	73354	37874	36949	925	35480	한나라당	16731
인천광역시	2800	동구	62253	35103	34227	876	27150	한나라당	14345
인천광역시	2800	남구	337880	165610	162765	2845	172270	한나라당	70351
인천광역시	2800	연수구	206407	110301	108815	1486	96106	한나라당	47675
인천광역시	2800	남동구	355642	177498	175001	2497	178144	한나라당	69207
인천광역시	2800	부평구	435655	218208	215364	2844	217447	한나라당	81891
인천광역시	2800	계양구	259089	131162	129395	1767	127927	한나라당	47619
인천광역시	2800	서구	294322	143315	141273	2042	151007	한나라당	55986
인천광역시	2800	강화군	56586	37059	34246	2813	19527	한나라당	19384
인천광역시	2800	옹진군	15665	11339	10774	565	4326	한나라당	6627
인천광역시	2800	중구	73354	37874	36949	925	35480	민주당	14275
인천광역시	2800	동구	62253	35103	34227	876	27150	민주당	12812
인천광역시	2800	남구	337880	165610	162765	2845	172270	민주당	67172
인천광역시	2800	연수구	206407	110301	108815	1486	96106	민주당	42282
인천광역시	2800	남동구	355642	177498	175001	2497	178144	민주당	72876
인천광역시	2800	부평구	435655	218208	215364	2844	217447	민주당	94812
인천광역시	2800	계양구	259089	131162	129395	1767	127927	민주당	61381
인천광역시	2800	서구	294322	143315	141273	2042	151007	민주당	62721
인천광역시	2800	강화군	56586	37059	34246	2813	19527	민주당	9686
인천광역시	2800	옹진군	15665	11339	10774	565	4326	민주당	3018
인천광역시	2800	중구	73354	37874	36949	925	35480	자유선진당	1001
인천광역시	2800	동구	62253	35103	34227	876	27150	자유선진당	922
인천광역시	2800	남구	337880	165610	162765	2845	172270	자유선진당	4408
인천광역시	2800	연수구	206407	110301	108815	1486	96106	자유선진당	3653
인천광역시	2800	남동구	355642	177498	175001	2497	178144	자유선진당	5872
인천광역시	2800	부평구	435655	218208	215364	2844	217447	자유선진당	6060
인천광역시	2800	계양구	259089	131162	129395	1767	127927	자유선진당	3012
인천광역시	2800	서구	294322	143315	141273	2042	151007	자유선진당	3466
인천광역시	2800	강화군	56586	37059	34246	2813	19527	자유선진당	846
인천광역시	2800	옹진군	15665	11339	10774	565	4326	자유선진당	218
인천광역시	2800	중구	73354	37874	36949	925	35480	민주노동당	1468
인천광역시	2800	동구	62253	35103	34227	876	27150	민주노동당	2810
인천광역시	2800	남구	337880	165610	162765	2845	172270	민주노동당	8047
인천광역시	2800	연수구	206407	110301	108815	1486	96106	민주노동당	5919
인천광역시	2800	남동구	355642	177498	175001	2497	178144	민주노동당	13132
인천광역시	2800	부평구	435655	218208	215364	2844	217447	민주노동당	13411
인천광역시	2800	계양구	259089	131162	129395	1767	127927	민주노동당	6707
인천광역시	2800	서구	294322	143315	141273	2042	151007	민주노동당	6561
인천광역시	2800	강화군	56586	37059	34246	2813	19527	민주노동당	1239
인천광역시	2800	옹진군	15665	11339	10774	565	4326	민주노동당	291
인천광역시	2800	중구	73354	37874	36949	925	35480	진보신당	1612
인천광역시	2800	동구	62253	35103	34227	876	27150	진보신당	1732
인천광역시	2800	남구	337880	165610	162765	2845	172270	진보신당	4731
인천광역시	2800	연수구	206407	110301	108815	1486	96106	진보신당	3872
인천광역시	2800	남동구	355642	177498	175001	2497	178144	진보신당	5168
인천광역시	2800	부평구	435655	218208	215364	2844	217447	진보신당	7356
인천광역시	2800	계양구	259089	131162	129395	1767	127927	진보신당	3660
인천광역시	2800	서구	294322	143315	141273	2042	151007	진보신당	4838
인천광역시	2800	강화군	56586	37059	34246	2813	19527	진보신당	1534
인천광역시	2800	옹진군	15665	11339	10774	565	4326	진보신당	260
인천광역시	2800	중구	73354	37874	36949	925	35480	국민참여당	1450
인천광역시	2800	동구	62253	35103	34227	876	27150	국민참여당	1193
인천광역시	2800	남구	337880	165610	162765	2845	172270	국민참여당	6545
인천광역시	2800	연수구	206407	110301	108815	1486	96106	국민참여당	4620
인천광역시	2800	남동구	355642	177498	175001	2497	178144	국민참여당	7531
인천광역시	2800	부평구	435655	218208	215364	2844	217447	국민참여당	10234
인천광역시	2800	계양구	259089	131162	129395	1767	127927	국민참여당	5743
인천광역시	2800	서구	294322	143315	141273	2042	151007	국민참여당	6152
인천광역시	2800	강화군	56586	37059	34246	2813	19527	국민참여당	1068
인천광역시	2800	옹진군	15665	11339	10774	565	4326	국민참여당	201
인천광역시	2800	중구	73354	37874	36949	925	35480	사회당	118
인천광역시	2800	동구	62253	35103	34227	876	27150	사회당	109
인천광역시	2800	남구	337880	165610	162765	2845	172270	사회당	417
인천광역시	2800	연수구	206407	110301	108815	1486	96106	사회당	121
인천광역시	2800	남동구	355642	177498	175001	2497	178144	사회당	243
인천광역시	2800	부평구	435655	218208	215364	2844	217447	사회당	359
인천광역시	2800	계양구	259089	131162	129395	1767	127927	사회당	269
인천광역시	2800	서구	294322	143315	141273	2042	151007	사회당	262
인천광역시	2800	강화군	56586	37059	34246	2813	19527	사회당	192
인천광역시	2800	옹진군	15665	11339	10774	565	4326	사회당	40
인천광역시	2800	중구	73354	37874	36949	925	35480	평화민주당	294
인천광역시	2800	동구	62253	35103	34227	876	27150	평화민주당	304
인천광역시	2800	남구	337880	165610	162765	2845	172270	평화민주당	1094
인천광역시	2800	연수구	206407	110301	108815	1486	96106	평화민주당	673
인천광역시	2800	남동구	355642	177498	175001	2497	178144	평화민주당	972
인천광역시	2800	부평구	435655	218208	215364	2844	217447	평화민주당	1241
인천광역시	2800	계양구	259089	131162	129395	1767	127927	평화민주당	1004
인천광역시	2800	서구	294322	143315	141273	2042	151007	평화민주당	1287
인천광역시	2800	강화군	56586	37059	34246	2813	19527	평화민주당	297
인천광역시	2800	옹진군	15665	11339	10774	565	4326	평화민주당	119
광주광역시	2900	동구	84206	44017	42914	1103	40189	한나라당	5311
광주광역시	2900	서구	222260	113767	111528	2239	108493	한나라당	9341
광주광역시	2900	남구	164726	87052	85059	1993	77674	한나라당	7590
광주광역시	2900	북구	351029	168003	165241	2762	183026	한나라당	13269
광주광역시	2900	광산구	242692	117053	114918	2135	125639	한나라당	7763
광주광역시	2900	동구	84206	44017	42914	1103	40189	민주당	24900
광주광역시	2900	서구	222260	113767	111528	2239	108493	민주당	59881
광주광역시	2900	남구	164726	87052	85059	1993	77674	민주당	49888
광주광역시	2900	북구	351029	168003	165241	2762	183026	민주당	93576
광주광역시	2900	광산구	242692	117053	114918	2135	125639	민주당	62372
광주광역시	2900	동구	84206	44017	42914	1103	40189	민주노동당	5030
광주광역시	2900	서구	222260	113767	111528	2239	108493	민주노동당	21341
광주광역시	2900	남구	164726	87052	85059	1993	77674	민주노동당	12780
광주광역시	2900	북구	351029	168003	165241	2762	183026	민주노동당	26891
광주광역시	2900	광산구	242692	117053	114918	2135	125639	민주노동당	21596
광주광역시	2900	동구	84206	44017	42914	1103	40189	진보신당	2070
광주광역시	2900	서구	222260	113767	111528	2239	108493	진보신당	4554
광주광역시	2900	남구	164726	87052	85059	1993	77674	진보신당	3639
광주광역시	2900	북구	351029	168003	165241	2762	183026	진보신당	8289
광주광역시	2900	광산구	242692	117053	114918	2135	125639	진보신당	4916
광주광역시	2900	동구	84206	44017	42914	1103	40189	국민참여당	4766
광주광역시	2900	서구	222260	113767	111528	2239	108493	국민참여당	14712
광주광역시	2900	남구	164726	87052	85059	1993	77674	국민참여당	9545
광주광역시	2900	북구	351029	168003	165241	2762	183026	국민참여당	20769
광주광역시	2900	광산구	242692	117053	114918	2135	125639	국민참여당	16652
광주광역시	2900	동구	84206	44017	42914	1103	40189	사회당	113
광주광역시	2900	서구	222260	113767	111528	2239	108493	사회당	207
광주광역시	2900	남구	164726	87052	85059	1993	77674	사회당	255
광주광역시	2900	북구	351029	168003	165241	2762	183026	사회당	397
광주광역시	2900	광산구	242692	117053	114918	2135	125639	사회당	322
광주광역시	2900	동구	84206	44017	42914	1103	40189	평화민주당	724
광주광역시	2900	서구	222260	113767	111528	2239	108493	평화민주당	1492
광주광역시	2900	남구	164726	87052	85059	1993	77674	평화민주당	1362
광주광역시	2900	북구	351029	168003	165241	2762	183026	평화민주당	2050
광주광역시	2900	광산구	242692	117053	114918	2135	125639	평화민주당	1297
대전광역시	3000	동구	195072	97966	95754	2212	97106	한나라당	23507
대전광역시	3000	중구	206384	109740	107705	2035	96644	한나라당	29394
대전광역시	3000	서구	375073	197464	194322	3142	177609	한나라당	46642
대전광역시	3000	유성구	193868	109666	108220	1446	84202	한나라당	26181
대전광역시	3000	대덕구	157150	81898	80227	1671	75252	한나라당	19670
대전광역시	3000	동구	195072	97966	95754	2212	97106	민주당	27340
대전광역시	3000	중구	206384	109740	107705	2035	96644	민주당	28373
대전광역시	3000	서구	375073	197464	194322	3142	177609	민주당	60104
대전광역시	3000	유성구	193868	109666	108220	1446	84202	민주당	34639
대전광역시	3000	대덕구	157150	81898	80227	1671	75252	민주당	24420
대전광역시	3000	동구	195072	97966	95754	2212	97106	자유선진당	37279
대전광역시	3000	중구	206384	109740	107705	2035	96644	자유선진당	42539
대전광역시	3000	서구	375073	197464	194322	3142	177609	자유선진당	71836
대전광역시	3000	유성구	193868	109666	108220	1446	84202	자유선진당	35430
대전광역시	3000	대덕구	157150	81898	80227	1671	75252	자유선진당	29796
대전광역시	3000	동구	195072	97966	95754	2212	97106	민주노동당	2670
대전광역시	3000	중구	206384	109740	107705	2035	96644	민주노동당	2359
대전광역시	3000	서구	375073	197464	194322	3142	177609	민주노동당	3994
대전광역시	3000	유성구	193868	109666	108220	1446	84202	민주노동당	3131
대전광역시	3000	대덕구	157150	81898	80227	1671	75252	민주노동당	2700
대전광역시	3000	동구	195072	97966	95754	2212	97106	진보신당	1126
대전광역시	3000	중구	206384	109740	107705	2035	96644	진보신당	1366
대전광역시	3000	서구	375073	197464	194322	3142	177609	진보신당	2982
대전광역시	3000	유성구	193868	109666	108220	1446	84202	진보신당	2295
대전광역시	3000	대덕구	157150	81898	80227	1671	75252	진보신당	926
대전광역시	3000	동구	195072	97966	95754	2212	97106	국민참여당	3134
대전광역시	3000	중구	206384	109740	107705	2035	96644	국민참여당	3028
대전광역시	3000	서구	375073	197464	194322	3142	177609	국민참여당	7884
대전광역시	3000	유성구	193868	109666	108220	1446	84202	국민참여당	6125
대전광역시	3000	대덕구	157150	81898	80227	1671	75252	국민참여당	2231
대전광역시	3000	동구	195072	97966	95754	2212	97106	사회당	223
대전광역시	3000	중구	206384	109740	107705	2035	96644	사회당	178
대전광역시	3000	서구	375073	197464	194322	3142	177609	사회당	283
대전광역시	3000	유성구	193868	109666	108220	1446	84202	사회당	140
대전광역시	3000	대덕구	157150	81898	80227	1671	75252	사회당	183
대전광역시	3000	동구	195072	97966	95754	2212	97106	평화민주당	475
대전광역시	3000	중구	206384	109740	107705	2035	96644	평화민주당	468
대전광역시	3000	서구	375073	197464	194322	3142	177609	평화민주당	597
대전광역시	3000	유성구	193868	109666	108220	1446	84202	평화민주당	279
대전광역시	3000	대덕구	157150	81898	80227	1671	75252	평화민주당	301
울산광역시	3100	중구	178158	98144	95787	2357	80014	한나라당	49027
울산광역시	3100	남구	258699	137145	134709	2436	121554	한나라당	66660
울산광역시	3100	동구	132325	76514	75295	1219	55811	한나라당	34306
울산광역시	3100	북구	122563	67957	67009	948	54606	한나라당	27676
울산광역시	3100	울주군	147060	82376	80191	2185	64684	한나라당	41564
울산광역시	3100	중구	178158	98144	95787	2357	80014	민주노동당	31440
울산광역시	3100	남구	258699	137145	134709	2436	121554	민주노동당	44198
울산광역시	3100	동구	132325	76514	75295	1219	55811	민주노동당	30805
울산광역시	3100	북구	122563	67957	67009	948	54606	민주노동당	29104
울산광역시	3100	울주군	147060	82376	80191	2185	64684	민주노동당	21786
울산광역시	3100	중구	178158	98144	95787	2357	80014	진보신당	5781
울산광역시	3100	남구	258699	137145	134709	2436	121554	진보신당	8653
울산광역시	3100	동구	132325	76514	75295	1219	55811	진보신당	4624
울산광역시	3100	북구	122563	67957	67009	948	54606	진보신당	5270
울산광역시	3100	울주군	147060	82376	80191	2185	64684	진보신당	3605
울산광역시	3100	중구	178158	98144	95787	2357	80014	국민참여당	6951
울산광역시	3100	남구	258699	137145	134709	2436	121554	국민참여당	11559
울산광역시	3100	동구	132325	76514	75295	1219	55811	국민참여당	4324
울산광역시	3100	북구	122563	67957	67009	948	54606	국민참여당	3796
울산광역시	3100	울주군	147060	82376	80191	2185	64684	국민참여당	10721
울산광역시	3100	중구	178158	98144	95787	2357	80014	미래연합	1857
울산광역시	3100	남구	258699	137145	134709	2436	121554	미래연합	2994
울산광역시	3100	동구	132325	76514	75295	1219	55811	미래연합	887
울산광역시	3100	북구	122563	67957	67009	948	54606	미래연합	767
울산광역시	3100	울주군	147060	82376	80191	2185	64684	미래연합	1811
울산광역시	3100	중구	178158	98144	95787	2357	80014	사회당	731
울산광역시	3100	남구	258699	137145	134709	2436	121554	사회당	645
울산광역시	3100	동구	132325	76514	75295	1219	55811	사회당	349
울산광역시	3100	북구	122563	67957	67009	948	54606	사회당	396
울산광역시	3100	울주군	147060	82376	80191	2185	64684	사회당	704
경기도	4100	수원시장안구	218041	118517	116931	1586	99524	한나라당	45447
경기도	4100	수원시권선구	229747	113510	112018	1492	116237	한나라당	44047
경기도	4100	수원시팔달구	174518	85683	84417	1266	88835	한나라당	35425
경기도	4100	수원시영통구	183747	101922	100907	1015	81825	한나라당	37811
경기도	4100	성남시수정구	194233	92333	90843	1490	101900	한나라당	31247
경기도	4100	성남시중원구	205070	97070	95442	1628	108000	한나라당	33633
경기도	4100	성남시분당구	360189	208480	206450	2030	151709	한나라당	102091
경기도	4100	의정부시	328299	161772	159425	2347	166527	한나라당	68382
경기도	4100	안양시만안구	208176	111316	109883	1433	96860	한나라당	43180
경기도	4100	안양시동안구	265963	153907	152375	1532	112056	한나라당	60213
경기도	4100	부천시원미구	344875	175309	173117	2192	169566	한나라당	61913
경기도	4100	부천시소사구	180161	92978	91544	1434	87183	한나라당	34516
경기도	4100	부천시오정구	147313	66954	65977	977	80359	한나라당	23277
경기도	4100	광명시	254601	141128	139286	1842	113473	한나라당	49482
경기도	4100	평택시	309722	157440	154060	3380	152282	한나라당	67668
경기도	4100	양주시	142110	72826	71139	1687	69284	한나라당	33794
경기도	4100	동두천시	72810	37826	36606	1220	34984	한나라당	18176
경기도	4100	안산시상록구	275550	128350	126717	1633	147200	한나라당	46747
경기도	4100	안산시단원구	247026	113211	111715	1496	133815	한나라당	41234
경기도	4100	고양시덕양구	301056	157176	155068	2108	143880	한나라당	63636
경기도	4100	고양시일산동구	197585	101814	100773	1041	95771	한나라당	42556
경기도	4100	고양시일산서구	209252	112948	111722	1226	96304	한나라당	47563
경기도	4100	과천시	54323	35676	35128	548	18647	한나라당	15517
경기도	4100	의왕시	112243	64133	63372	761	48110	한나라당	25573
경기도	4100	구리시	147833	79673	78507	1166	68160	한나라당	33472
경기도	4100	남양주시	404833	197852	195095	2757	206981	한나라당	84323
경기도	4100	오산시	122466	60037	59075	962	62429	한나라당	22500
경기도	4100	화성시	362455	181432	178456	2976	181023	한나라당	70550
경기도	4100	시흥시	292124	133784	132053	1731	158340	한나라당	50341
경기도	4100	군포시	210528	119530	118073	1457	90998	한나라당	44518
경기도	4100	하남시	118086	62714	61680	1034	55372	한나라당	27787
경기도	4100	파주시	252147	128307	125652	2655	123840	한나라당	56747
경기도	4100	여주군	85162	44838	43616	1222	40324	한나라당	20596
경기도	4100	이천시	150045	76348	74439	1909	73697	한나라당	35598
경기도	4100	용인시처인구	155746	76547	74953	1594	79199	한나라당	33838
경기도	4100	용인시수지구	215476	121287	119958	1329	94189	한나라당	58409
경기도	4100	용인시기흥구	253306	135338	133901	1437	117968	한나라당	57124
경기도	4100	안성시	132734	68110	66008	2102	64624	한나라당	27825
경기도	4100	김포시	174520	93627	91942	1685	80893	한나라당	42782
경기도	4100	광주시	184550	90801	89263	1538	93749	한나라당	41541
경기도	4100	포천시	123373	62917	60908	2009	60456	한나라당	31122
경기도	4100	연천군	36674	22654	21648	1006	14020	한나라당	10749
경기도	4100	양평군	75915	45986	44340	1646	29929	한나라당	25760
경기도	4100	가평군	47257	31058	29357	1701	16199	한나라당	16009
경기도	4100	수원시장안구	218041	118517	116931	1586	99524	민주당	45425
경기도	4100	수원시권선구	229747	113510	112018	1492	116237	민주당	43226
경기도	4100	수원시팔달구	174518	85683	84417	1266	88835	민주당	31130
경기도	4100	수원시영통구	183747	101922	100907	1015	81825	민주당	38190
경기도	4100	성남시수정구	194233	92333	90843	1490	101900	민주당	39721
경기도	4100	성남시중원구	205070	97070	95442	1628	108000	민주당	41281
경기도	4100	성남시분당구	360189	208480	206450	2030	151709	민주당	61607
경기도	4100	의정부시	328299	161772	159425	2347	166527	민주당	59989
경기도	4100	안양시만안구	208176	111316	109883	1433	96860	민주당	45190
경기도	4100	안양시동안구	265963	153907	152375	1532	112056	민주당	59949
경기도	4100	부천시원미구	344875	175309	173117	2192	169566	민주당	68128
경기도	4100	부천시소사구	180161	92978	91544	1434	87183	민주당	35194
경기도	4100	부천시오정구	147313	66954	65977	977	80359	민주당	28084
경기도	4100	광명시	254601	141128	139286	1842	113473	민주당	60815
경기도	4100	평택시	309722	157440	154060	3380	152282	민주당	55446
경기도	4100	양주시	142110	72826	71139	1687	69284	민주당	25047
경기도	4100	동두천시	72810	37826	36606	1220	34984	민주당	12668
경기도	4100	안산시상록구	275550	128350	126717	1633	147200	민주당	52733
경기도	4100	안산시단원구	247026	113211	111715	1496	133815	민주당	47220
경기도	4100	고양시덕양구	301056	157176	155068	2108	143880	민주당	54830
경기도	4100	고양시일산동구	197585	101814	100773	1041	95771	민주당	33583
경기도	4100	고양시일산서구	209252	112948	111722	1226	96304	민주당	39024
경기도	4100	과천시	54323	35676	35128	548	18647	민주당	10210
경기도	4100	의왕시	112243	64133	63372	761	48110	민주당	24994
경기도	4100	구리시	147833	79673	78507	1166	68160	민주당	31355
경기도	4100	남양주시	404833	197852	195095	2757	206981	민주당	74908
경기도	4100	오산시	122466	60037	59075	962	62429	민주당	24280
경기도	4100	화성시	362455	181432	178456	2976	181023	민주당	68695
경기도	4100	시흥시	292124	133784	132053	1731	158340	민주당	57520
경기도	4100	군포시	210528	119530	118073	1457	90998	민주당	49574
경기도	4100	하남시	118086	62714	61680	1034	55372	민주당	23229
경기도	4100	파주시	252147	128307	125652	2655	123840	민주당	44002
경기도	4100	여주군	85162	44838	43616	1222	40324	민주당	12396
경기도	4100	이천시	150045	76348	74439	1909	73697	민주당	22012
경기도	4100	용인시처인구	155746	76547	74953	1594	79199	민주당	28170
경기도	4100	용인시수지구	215476	121287	119958	1329	94189	민주당	37039
경기도	4100	용인시기흥구	253306	135338	133901	1437	117968	민주당	45945
경기도	4100	안성시	132734	68110	66008	2102	64624	민주당	25119
경기도	4100	김포시	174520	93627	91942	1685	80893	민주당	33511
경기도	4100	광주시	184550	90801	89263	1538	93749	민주당	32485
경기도	4100	포천시	123373	62917	60908	2009	60456	민주당	17696
경기도	4100	연천군	36674	22654	21648	1006	14020	민주당	6272
경기도	4100	양평군	75915	45986	44340	1646	29929	민주당	11400
경기도	4100	가평군	47257	31058	29357	1701	16199	민주당	8273
경기도	4100	수원시장안구	218041	118517	116931	1586	99524	자유선진당	2311
경기도	4100	수원시권선구	229747	113510	112018	1492	116237	자유선진당	2585
경기도	4100	수원시팔달구	174518	85683	84417	1266	88835	자유선진당	1834
경기도	4100	수원시영통구	183747	101922	100907	1015	81825	자유선진당	2108
경기도	4100	성남시수정구	194233	92333	90843	1490	101900	자유선진당	1840
경기도	4100	성남시중원구	205070	97070	95442	1628	108000	자유선진당	1835
경기도	4100	성남시분당구	360189	208480	206450	2030	151709	자유선진당	3527
경기도	4100	의정부시	328299	161772	159425	2347	166527	자유선진당	2988
경기도	4100	안양시만안구	208176	111316	109883	1433	96860	자유선진당	2850
경기도	4100	안양시동안구	265963	153907	152375	1532	112056	자유선진당	3425
경기도	4100	부천시원미구	344875	175309	173117	2192	169566	자유선진당	4994
경기도	4100	부천시소사구	180161	92978	91544	1434	87183	자유선진당	2853
경기도	4100	부천시오정구	147313	66954	65977	977	80359	자유선진당	1951
경기도	4100	광명시	254601	141128	139286	1842	113473	자유선진당	3370
경기도	4100	평택시	309722	157440	154060	3380	152282	자유선진당	3989
경기도	4100	양주시	142110	72826	71139	1687	69284	자유선진당	1345
경기도	4100	동두천시	72810	37826	36606	1220	34984	자유선진당	694
경기도	4100	안산시상록구	275550	128350	126717	1633	147200	자유선진당	2569
경기도	4100	안산시단원구	247026	113211	111715	1496	133815	자유선진당	2388
경기도	4100	고양시덕양구	301056	157176	155068	2108	143880	자유선진당	3692
경기도	4100	고양시일산동구	197585	101814	100773	1041	95771	자유선진당	1813
경기도	4100	고양시일산서구	209252	112948	111722	1226	96304	자유선진당	2171
경기도	4100	과천시	54323	35676	35128	548	18647	자유선진당	720
경기도	4100	의왕시	112243	64133	63372	761	48110	자유선진당	1520
경기도	4100	구리시	147833	79673	78507	1166	68160	자유선진당	1464
경기도	4100	남양주시	404833	197852	195095	2757	206981	자유선진당	3110
경기도	4100	오산시	122466	60037	59075	962	62429	자유선진당	3514
경기도	4100	화성시	362455	181432	178456	2976	181023	자유선진당	3562
경기도	4100	시흥시	292124	133784	132053	1731	158340	자유선진당	3088
경기도	4100	군포시	210528	119530	118073	1457	90998	자유선진당	3260
경기도	4100	하남시	118086	62714	61680	1034	55372	자유선진당	1401
경기도	4100	파주시	252147	128307	125652	2655	123840	자유선진당	2533
경기도	4100	여주군	85162	44838	43616	1222	40324	자유선진당	738
경기도	4100	이천시	150045	76348	74439	1909	73697	자유선진당	1473
경기도	4100	용인시처인구	155746	76547	74953	1594	79199	자유선진당	1758
경기도	4100	용인시수지구	215476	121287	119958	1329	94189	자유선진당	2130
경기도	4100	용인시기흥구	253306	135338	133901	1437	117968	자유선진당	2556
경기도	4100	안성시	132734	68110	66008	2102	64624	자유선진당	1727
경기도	4100	김포시	174520	93627	91942	1685	80893	자유선진당	1844
경기도	4100	광주시	184550	90801	89263	1538	93749	자유선진당	1607
경기도	4100	포천시	123373	62917	60908	2009	60456	자유선진당	1121
경기도	4100	연천군	36674	22654	21648	1006	14020	자유선진당	1974
경기도	4100	양평군	75915	45986	44340	1646	29929	자유선진당	997
경기도	4100	가평군	47257	31058	29357	1701	16199	자유선진당	745
경기도	4100	수원시장안구	218041	118517	116931	1586	99524	민주노동당	7349
경기도	4100	수원시권선구	229747	113510	112018	1492	116237	민주노동당	5957
경기도	4100	수원시팔달구	174518	85683	84417	1266	88835	민주노동당	4279
경기도	4100	수원시영통구	183747	101922	100907	1015	81825	민주노동당	4533
경기도	4100	성남시수정구	194233	92333	90843	1490	101900	민주노동당	6393
경기도	4100	성남시중원구	205070	97070	95442	1628	108000	민주노동당	7042
경기도	4100	성남시분당구	360189	208480	206450	2030	151709	민주노동당	6990
경기도	4100	의정부시	328299	161772	159425	2347	166527	민주노동당	6606
경기도	4100	안양시만안구	208176	111316	109883	1433	96860	민주노동당	5012
경기도	4100	안양시동안구	265963	153907	152375	1532	112056	민주노동당	5920
경기도	4100	부천시원미구	344875	175309	173117	2192	169566	민주노동당	9729
경기도	4100	부천시소사구	180161	92978	91544	1434	87183	민주노동당	5591
경기도	4100	부천시오정구	147313	66954	65977	977	80359	민주노동당	3388
경기도	4100	광명시	254601	141128	139286	1842	113473	민주노동당	6528
경기도	4100	평택시	309722	157440	154060	3380	152282	민주노동당	12682
경기도	4100	양주시	142110	72826	71139	1687	69284	민주노동당	3078
경기도	4100	동두천시	72810	37826	36606	1220	34984	민주노동당	1348
경기도	4100	안산시상록구	275550	128350	126717	1633	147200	민주노동당	6381
경기도	4100	안산시단원구	247026	113211	111715	1496	133815	민주노동당	6062
경기도	4100	고양시덕양구	301056	157176	155068	2108	143880	민주노동당	6683
경기도	4100	고양시일산동구	197585	101814	100773	1041	95771	민주노동당	3451
경기도	4100	고양시일산서구	209252	112948	111722	1226	96304	민주노동당	3892
경기도	4100	과천시	54323	35676	35128	548	18647	민주노동당	1189
경기도	4100	의왕시	112243	64133	63372	761	48110	민주노동당	2588
경기도	4100	구리시	147833	79673	78507	1166	68160	민주노동당	2847
경기도	4100	남양주시	404833	197852	195095	2757	206981	민주노동당	7612
경기도	4100	오산시	122466	60037	59075	962	62429	민주노동당	2674
경기도	4100	화성시	362455	181432	178456	2976	181023	민주노동당	9499
경기도	4100	시흥시	292124	133784	132053	1731	158340	민주노동당	5168
경기도	4100	군포시	210528	119530	118073	1457	90998	민주노동당	5074
경기도	4100	하남시	118086	62714	61680	1034	55372	민주노동당	3484
경기도	4100	파주시	252147	128307	125652	2655	123840	민주노동당	6050
경기도	4100	여주군	85162	44838	43616	1222	40324	민주노동당	1485
경기도	4100	이천시	150045	76348	74439	1909	73697	민주노동당	3129
경기도	4100	용인시처인구	155746	76547	74953	1594	79199	민주노동당	2731
경기도	4100	용인시수지구	215476	121287	119958	1329	94189	민주노동당	3880
경기도	4100	용인시기흥구	253306	135338	133901	1437	117968	민주노동당	5381
경기도	4100	안성시	132734	68110	66008	2102	64624	민주노동당	3772
경기도	4100	김포시	174520	93627	91942	1685	80893	민주노동당	2772
경기도	4100	광주시	184550	90801	89263	1538	93749	민주노동당	2959
경기도	4100	포천시	123373	62917	60908	2009	60456	민주노동당	2557
경기도	4100	연천군	36674	22654	21648	1006	14020	민주노동당	762
경기도	4100	양평군	75915	45986	44340	1646	29929	민주노동당	1455
경기도	4100	가평군	47257	31058	29357	1701	16199	민주노동당	1056
경기도	4100	수원시장안구	218041	118517	116931	1586	99524	진보신당	2719
경기도	4100	수원시권선구	229747	113510	112018	1492	116237	진보신당	2622
경기도	4100	수원시팔달구	174518	85683	84417	1266	88835	진보신당	2269
경기도	4100	수원시영통구	183747	101922	100907	1015	81825	진보신당	2786
경기도	4100	성남시수정구	194233	92333	90843	1490	101900	진보신당	1704
경기도	4100	성남시중원구	205070	97070	95442	1628	108000	진보신당	1592
경기도	4100	성남시분당구	360189	208480	206450	2030	151709	진보신당	5881
경기도	4100	의정부시	328299	161772	159425	2347	166527	진보신당	4162
경기도	4100	안양시만안구	208176	111316	109883	1433	96860	진보신당	2265
경기도	4100	안양시동안구	265963	153907	152375	1532	112056	진보신당	4540
경기도	4100	부천시원미구	344875	175309	173117	2192	169566	진보신당	4580
경기도	4100	부천시소사구	180161	92978	91544	1434	87183	진보신당	2152
경기도	4100	부천시오정구	147313	66954	65977	977	80359	진보신당	1229
경기도	4100	광명시	254601	141128	139286	1842	113473	진보신당	4107
경기도	4100	평택시	309722	157440	154060	3380	152282	진보신당	2396
경기도	4100	양주시	142110	72826	71139	1687	69284	진보신당	1291
경기도	4100	동두천시	72810	37826	36606	1220	34984	진보신당	790
경기도	4100	안산시상록구	275550	128350	126717	1633	147200	진보신당	2476
경기도	4100	안산시단원구	247026	113211	111715	1496	133815	진보신당	1847
경기도	4100	고양시덕양구	301056	157176	155068	2108	143880	진보신당	6307
경기도	4100	고양시일산동구	197585	101814	100773	1041	95771	진보신당	3489
경기도	4100	고양시일산서구	209252	112948	111722	1226	96304	진보신당	3400
경기도	4100	과천시	54323	35676	35128	548	18647	진보신당	2498
경기도	4100	의왕시	112243	64133	63372	761	48110	진보신당	2001
경기도	4100	구리시	147833	79673	78507	1166	68160	진보신당	2220
경기도	4100	남양주시	404833	197852	195095	2757	206981	진보신당	4431
경기도	4100	오산시	122466	60037	59075	962	62429	진보신당	829
경기도	4100	화성시	362455	181432	178456	2976	181023	진보신당	3262
경기도	4100	시흥시	292124	133784	132053	1731	158340	진보신당	2316
경기도	4100	군포시	210528	119530	118073	1457	90998	진보신당	3406
경기도	4100	하남시	118086	62714	61680	1034	55372	진보신당	937
경기도	4100	파주시	252147	128307	125652	2655	123840	진보신당	3194
경기도	4100	여주군	85162	44838	43616	1222	40324	진보신당	1170
경기도	4100	이천시	150045	76348	74439	1909	73697	진보신당	1173
경기도	4100	용인시처인구	155746	76547	74953	1594	79199	진보신당	1270
경기도	4100	용인시수지구	215476	121287	119958	1329	94189	진보신당	3455
경기도	4100	용인시기흥구	253306	135338	133901	1437	117968	진보신당	3747
경기도	4100	안성시	132734	68110	66008	2102	64624	진보신당	1179
경기도	4100	김포시	174520	93627	91942	1685	80893	진보신당	1761
경기도	4100	광주시	184550	90801	89263	1538	93749	진보신당	1606
경기도	4100	포천시	123373	62917	60908	2009	60456	진보신당	1140
경기도	4100	연천군	36674	22654	21648	1006	14020	진보신당	448
경기도	4100	양평군	75915	45986	44340	1646	29929	진보신당	933
경기도	4100	가평군	47257	31058	29357	1701	16199	진보신당	702
경기도	4100	수원시장안구	218041	118517	116931	1586	99524	국민참여당	11827
경기도	4100	수원시권선구	229747	113510	112018	1492	116237	국민참여당	11673
경기도	4100	수원시팔달구	174518	85683	84417	1266	88835	국민참여당	8140
경기도	4100	수원시영통구	183747	101922	100907	1015	81825	국민참여당	14012
경기도	4100	성남시수정구	194233	92333	90843	1490	101900	국민참여당	9009
경기도	4100	성남시중원구	205070	97070	95442	1628	108000	국민참여당	9191
경기도	4100	성남시분당구	360189	208480	206450	2030	151709	국민참여당	24601
경기도	4100	의정부시	328299	161772	159425	2347	166527	국민참여당	15396
경기도	4100	안양시만안구	208176	111316	109883	1433	96860	국민참여당	9863
경기도	4100	안양시동안구	265963	153907	152375	1532	112056	국민참여당	16399
경기도	4100	부천시원미구	344875	175309	173117	2192	169566	국민참여당	20970
경기도	4100	부천시소사구	180161	92978	91544	1434	87183	국민참여당	10018
경기도	4100	부천시오정구	147313	66954	65977	977	80359	국민참여당	7176
경기도	4100	광명시	254601	141128	139286	1842	113473	국민참여당	13836
경기도	4100	평택시	309722	157440	154060	3380	152282	국민참여당	9787
경기도	4100	양주시	142110	72826	71139	1687	69284	국민참여당	5301
경기도	4100	동두천시	72810	37826	36606	1220	34984	국민참여당	2224
경기도	4100	안산시상록구	275550	128350	126717	1633	147200	국민참여당	14306
경기도	4100	안산시단원구	247026	113211	111715	1496	133815	국민참여당	11372
경기도	4100	고양시덕양구	301056	157176	155068	2108	143880	국민참여당	17263
경기도	4100	고양시일산동구	197585	101814	100773	1041	95771	국민참여당	13237
경기도	4100	고양시일산서구	209252	112948	111722	1226	96304	국민참여당	13106
경기도	4100	과천시	54323	35676	35128	548	18647	국민참여당	4293
경기도	4100	의왕시	112243	64133	63372	761	48110	국민참여당	5700
경기도	4100	구리시	147833	79673	78507	1166	68160	국민참여당	6117
경기도	4100	남양주시	404833	197852	195095	2757	206981	국민참여당	16713
경기도	4100	오산시	122466	60037	59075	962	62429	국민참여당	4468
경기도	4100	화성시	362455	181432	178456	2976	181023	국민참여당	19760
경기도	4100	시흥시	292124	133784	132053	1731	158340	국민참여당	12496
경기도	4100	군포시	210528	119530	118073	1457	90998	국민참여당	10857
경기도	4100	하남시	118086	62714	61680	1034	55372	국민참여당	4137
경기도	4100	파주시	252147	128307	125652	2655	123840	국민참여당	10519
경기도	4100	여주군	85162	44838	43616	1222	40324	국민참여당	2348
경기도	4100	이천시	150045	76348	74439	1909	73697	국민참여당	7348
경기도	4100	용인시처인구	155746	76547	74953	1594	79199	국민참여당	5839
경기도	4100	용인시수지구	215476	121287	119958	1329	94189	국민참여당	13347
경기도	4100	용인시기흥구	253306	135338	133901	1437	117968	국민참여당	17200
경기도	4100	안성시	132734	68110	66008	2102	64624	국민참여당	4099
경기도	4100	김포시	174520	93627	91942	1685	80893	국민참여당	7935
경기도	4100	광주시	184550	90801	89263	1538	93749	국민참여당	6579
경기도	4100	포천시	123373	62917	60908	2009	60456	국민참여당	3017
경기도	4100	연천군	36674	22654	21648	1006	14020	국민참여당	895
경기도	4100	양평군	75915	45986	44340	1646	29929	국민참여당	2733
경기도	4100	가평군	47257	31058	29357	1701	16199	국민참여당	1754
경기도	4100	수원시장안구	218041	118517	116931	1586	99524	미래연합	1590
경기도	4100	수원시권선구	229747	113510	112018	1492	116237	미래연합	1606
경기도	4100	수원시팔달구	174518	85683	84417	1266	88835	미래연합	1115
경기도	4100	수원시영통구	183747	101922	100907	1015	81825	미래연합	1299
경기도	4100	성남시수정구	194233	92333	90843	1490	101900	미래연합	675
경기도	4100	성남시중원구	205070	97070	95442	1628	108000	미래연합	632
경기도	4100	성남시분당구	360189	208480	206450	2030	151709	미래연합	1487
경기도	4100	의정부시	328299	161772	159425	2347	166527	미래연합	1509
경기도	4100	안양시만안구	208176	111316	109883	1433	96860	미래연합	1278
경기도	4100	안양시동안구	265963	153907	152375	1532	112056	미래연합	1665
경기도	4100	부천시원미구	344875	175309	173117	2192	169566	미래연합	2443
경기도	4100	부천시소사구	180161	92978	91544	1434	87183	미래연합	1019
경기도	4100	부천시오정구	147313	66954	65977	977	80359	미래연합	683
경기도	4100	광명시	254601	141128	139286	1842	113473	미래연합	836
경기도	4100	평택시	309722	157440	154060	3380	152282	미래연합	1541
경기도	4100	양주시	142110	72826	71139	1687	69284	미래연합	969
경기도	4100	동두천시	72810	37826	36606	1220	34984	미래연합	548
경기도	4100	안산시상록구	275550	128350	126717	1633	147200	미래연합	1220
경기도	4100	안산시단원구	247026	113211	111715	1496	133815	미래연합	1315
경기도	4100	고양시덕양구	301056	157176	155068	2108	143880	미래연합	2283
경기도	4100	고양시일산동구	197585	101814	100773	1041	95771	미래연합	2461
경기도	4100	고양시일산서구	209252	112948	111722	1226	96304	미래연합	2342
경기도	4100	과천시	54323	35676	35128	548	18647	미래연합	619
경기도	4100	의왕시	112243	64133	63372	761	48110	미래연합	872
경기도	4100	구리시	147833	79673	78507	1166	68160	미래연합	825
경기도	4100	남양주시	404833	197852	195095	2757	206981	미래연합	3447
경기도	4100	오산시	122466	60037	59075	962	62429	미래연합	652
경기도	4100	화성시	362455	181432	178456	2976	181023	미래연합	2527
경기도	4100	시흥시	292124	133784	132053	1731	158340	미래연합	818
경기도	4100	군포시	210528	119530	118073	1457	90998	미래연합	1185
경기도	4100	하남시	118086	62714	61680	1034	55372	미래연합	555
경기도	4100	파주시	252147	128307	125652	2655	123840	미래연합	2053
경기도	4100	여주군	85162	44838	43616	1222	40324	미래연합	4644
경기도	4100	이천시	150045	76348	74439	1909	73697	미래연합	3326
경기도	4100	용인시처인구	155746	76547	74953	1594	79199	미래연합	1049
경기도	4100	용인시수지구	215476	121287	119958	1329	94189	미래연합	1550
경기도	4100	용인시기흥구	253306	135338	133901	1437	117968	미래연합	1729
경기도	4100	안성시	132734	68110	66008	2102	64624	미래연합	1775
경기도	4100	김포시	174520	93627	91942	1685	80893	미래연합	1076
경기도	4100	광주시	184550	90801	89263	1538	93749	미래연합	2237
경기도	4100	포천시	123373	62917	60908	2009	60456	미래연합	3815
경기도	4100	연천군	36674	22654	21648	1006	14020	미래연합	396
경기도	4100	양평군	75915	45986	44340	1646	29929	미래연합	786
경기도	4100	가평군	47257	31058	29357	1701	16199	미래연합	553
경기도	4100	수원시장안구	218041	118517	116931	1586	99524	사회당	263
경기도	4100	수원시권선구	229747	113510	112018	1492	116237	사회당	302
경기도	4100	수원시팔달구	174518	85683	84417	1266	88835	사회당	225
경기도	4100	수원시영통구	183747	101922	100907	1015	81825	사회당	168
경기도	4100	성남시수정구	194233	92333	90843	1490	101900	사회당	254
경기도	4100	성남시중원구	205070	97070	95442	1628	108000	사회당	236
경기도	4100	성남시분당구	360189	208480	206450	2030	151709	사회당	266
경기도	4100	의정부시	328299	161772	159425	2347	166527	사회당	393
경기도	4100	안양시만안구	208176	111316	109883	1433	96860	사회당	245
경기도	4100	안양시동안구	265963	153907	152375	1532	112056	사회당	264
경기도	4100	부천시원미구	344875	175309	173117	2192	169566	사회당	360
경기도	4100	부천시소사구	180161	92978	91544	1434	87183	사회당	201
경기도	4100	부천시오정구	147313	66954	65977	977	80359	사회당	189
경기도	4100	광명시	254601	141128	139286	1842	113473	사회당	312
경기도	4100	평택시	309722	157440	154060	3380	152282	사회당	551
경기도	4100	양주시	142110	72826	71139	1687	69284	사회당	314
경기도	4100	동두천시	72810	37826	36606	1220	34984	사회당	158
경기도	4100	안산시상록구	275550	128350	126717	1633	147200	사회당	285
경기도	4100	안산시단원구	247026	113211	111715	1496	133815	사회당	277
경기도	4100	고양시덕양구	301056	157176	155068	2108	143880	사회당	374
경기도	4100	고양시일산동구	197585	101814	100773	1041	95771	사회당	183
경기도	4100	고양시일산서구	209252	112948	111722	1226	96304	사회당	224
경기도	4100	과천시	54323	35676	35128	548	18647	사회당	82
경기도	4100	의왕시	112243	64133	63372	761	48110	사회당	124
경기도	4100	구리시	147833	79673	78507	1166	68160	사회당	207
경기도	4100	남양주시	404833	197852	195095	2757	206981	사회당	551
경기도	4100	오산시	122466	60037	59075	962	62429	사회당	158
경기도	4100	화성시	362455	181432	178456	2976	181023	사회당	601
경기도	4100	시흥시	292124	133784	132053	1731	158340	사회당	306
경기도	4100	군포시	210528	119530	118073	1457	90998	사회당	199
경기도	4100	하남시	118086	62714	61680	1034	55372	사회당	150
경기도	4100	파주시	252147	128307	125652	2655	123840	사회당	554
경기도	4100	여주군	85162	44838	43616	1222	40324	사회당	239
경기도	4100	이천시	150045	76348	74439	1909	73697	사회당	380
경기도	4100	용인시처인구	155746	76547	74953	1594	79199	사회당	298
경기도	4100	용인시수지구	215476	121287	119958	1329	94189	사회당	148
경기도	4100	용인시기흥구	253306	135338	133901	1437	117968	사회당	219
경기도	4100	안성시	132734	68110	66008	2102	64624	사회당	512
경기도	4100	김포시	174520	93627	91942	1685	80893	사회당	261
경기도	4100	광주시	184550	90801	89263	1538	93749	사회당	249
경기도	4100	포천시	123373	62917	60908	2009	60456	사회당	440
경기도	4100	연천군	36674	22654	21648	1006	14020	사회당	152
경기도	4100	양평군	75915	45986	44340	1646	29929	사회당	276
경기도	4100	가평군	47257	31058	29357	1701	16199	사회당	265
강원도	4200	춘천시	206172	124845	121558	3287	81327	한나라당	51234
강원도	4200	원주시	234095	133453	130481	2972	100642	한나라당	55445
강원도	4200	강릉시	170703	99253	96007	3246	71450	한나라당	51301
강원도	4200	동해시	73611	44943	43475	1468	28668	한나라당	22478
강원도	4200	삼척시	58602	40384	38635	1749	18218	한나라당	21724
강원도	4200	태백시	40415	26818	25814	1004	13597	한나라당	12106
강원도	4200	정선군	33811	24527	23258	1269	9284	한나라당	10369
강원도	4200	속초시	64606	37575	36314	1261	27031	한나라당	19196
강원도	4200	고성군	25324	18937	17845	1092	6387	한나라당	9990
강원도	4200	양양군	23195	16944	15912	1032	6251	한나라당	8254
강원도	4200	인제군	24855	17697	16757	940	7158	한나라당	8177
강원도	4200	홍천군	56113	35571	34293	1278	20542	한나라당	16401
강원도	4200	횡성군	36396	24899	23964	935	11497	한나라당	10497
강원도	4200	영월군	33315	22246	21533	713	11069	한나라당	9653
강원도	4200	평창군	35758	24420	23419	1001	11338	한나라당	10396
강원도	4200	화천군	19298	13439	12854	585	5859	한나라당	6366
강원도	4200	양구군	16882	11910	11478	432	4972	한나라당	5352
강원도	4200	철원군	37358	23811	22820	991	13547	한나라당	11239
강원도	4200	춘천시	206172	124845	121558	3287	81327	민주당	52119
강원도	4200	원주시	234095	133453	130481	2972	100642	민주당	56434
강원도	4200	강릉시	170703	99253	96007	3246	71450	민주당	31986
강원도	4200	동해시	73611	44943	43475	1468	28668	민주당	14974
강원도	4200	삼척시	58602	40384	38635	1749	18218	민주당	10867
강원도	4200	태백시	40415	26818	25814	1004	13597	민주당	10040
강원도	4200	정선군	33811	24527	23258	1269	9284	민주당	10254
강원도	4200	속초시	64606	37575	36314	1261	27031	민주당	11918
강원도	4200	고성군	25324	18937	17845	1092	6387	민주당	5519
강원도	4200	양양군	23195	16944	15912	1032	6251	민주당	5205
강원도	4200	인제군	24855	17697	16757	940	7158	민주당	6078
강원도	4200	홍천군	56113	35571	34293	1278	20542	민주당	12633
강원도	4200	횡성군	36396	24899	23964	935	11497	민주당	10720
강원도	4200	영월군	33315	22246	21533	713	11069	민주당	9887
강원도	4200	평창군	35758	24420	23419	1001	11338	민주당	10815
강원도	4200	화천군	19298	13439	12854	585	5859	민주당	4895
강원도	4200	양구군	16882	11910	11478	432	4972	민주당	3998
강원도	4200	철원군	37358	23811	22820	991	13547	민주당	9004
강원도	4200	춘천시	206172	124845	121558	3287	81327	민주노동당	8795
강원도	4200	원주시	234095	133453	130481	2972	100642	민주노동당	10114
강원도	4200	강릉시	170703	99253	96007	3246	71450	민주노동당	4778
강원도	4200	동해시	73611	44943	43475	1468	28668	민주노동당	2267
강원도	4200	삼척시	58602	40384	38635	1749	18218	민주노동당	2509
강원도	4200	태백시	40415	26818	25814	1004	13597	민주노동당	1369
강원도	4200	정선군	33811	24527	23258	1269	9284	민주노동당	1106
강원도	4200	속초시	64606	37575	36314	1261	27031	민주노동당	1856
강원도	4200	고성군	25324	18937	17845	1092	6387	민주노동당	960
강원도	4200	양양군	23195	16944	15912	1032	6251	민주노동당	830
강원도	4200	인제군	24855	17697	16757	940	7158	민주노동당	1122
강원도	4200	홍천군	56113	35571	34293	1278	20542	민주노동당	2092
강원도	4200	횡성군	36396	24899	23964	935	11497	민주노동당	1236
강원도	4200	영월군	33315	22246	21533	713	11069	민주노동당	783
강원도	4200	평창군	35758	24420	23419	1001	11338	민주노동당	962
강원도	4200	화천군	19298	13439	12854	585	5859	민주노동당	766
강원도	4200	양구군	16882	11910	11478	432	4972	민주노동당	1416
강원도	4200	철원군	37358	23811	22820	991	13547	민주노동당	1363
강원도	4200	춘천시	206172	124845	121558	3287	81327	진보신당	3497
강원도	4200	원주시	234095	133453	130481	2972	100642	진보신당	2631
강원도	4200	강릉시	170703	99253	96007	3246	71450	진보신당	2056
강원도	4200	동해시	73611	44943	43475	1468	28668	진보신당	1274
강원도	4200	삼척시	58602	40384	38635	1749	18218	진보신당	1385
강원도	4200	태백시	40415	26818	25814	1004	13597	진보신당	735
강원도	4200	정선군	33811	24527	23258	1269	9284	진보신당	484
강원도	4200	속초시	64606	37575	36314	1261	27031	진보신당	1569
강원도	4200	고성군	25324	18937	17845	1092	6387	진보신당	387
강원도	4200	양양군	23195	16944	15912	1032	6251	진보신당	612
강원도	4200	인제군	24855	17697	16757	940	7158	진보신당	447
강원도	4200	홍천군	56113	35571	34293	1278	20542	진보신당	667
강원도	4200	횡성군	36396	24899	23964	935	11497	진보신당	459
강원도	4200	영월군	33315	22246	21533	713	11069	진보신당	365
강원도	4200	평창군	35758	24420	23419	1001	11338	진보신당	416
강원도	4200	화천군	19298	13439	12854	585	5859	진보신당	306
강원도	4200	양구군	16882	11910	11478	432	4972	진보신당	203
강원도	4200	철원군	37358	23811	22820	991	13547	진보신당	423
강원도	4200	춘천시	206172	124845	121558	3287	81327	국민참여당	5120
강원도	4200	원주시	234095	133453	130481	2972	100642	국민참여당	5108
강원도	4200	강릉시	170703	99253	96007	3246	71450	국민참여당	5148
강원도	4200	동해시	73611	44943	43475	1468	28668	국민참여당	2162
강원도	4200	삼척시	58602	40384	38635	1749	18218	국민참여당	1693
강원도	4200	태백시	40415	26818	25814	1004	13597	국민참여당	1311
강원도	4200	정선군	33811	24527	23258	1269	9284	국민참여당	798
강원도	4200	속초시	64606	37575	36314	1261	27031	국민참여당	1567
강원도	4200	고성군	25324	18937	17845	1092	6387	국민참여당	768
강원도	4200	양양군	23195	16944	15912	1032	6251	국민참여당	797
강원도	4200	인제군	24855	17697	16757	940	7158	국민참여당	725
강원도	4200	홍천군	56113	35571	34293	1278	20542	국민참여당	2074
강원도	4200	횡성군	36396	24899	23964	935	11497	국민참여당	853
강원도	4200	영월군	33315	22246	21533	713	11069	국민참여당	626
강원도	4200	평창군	35758	24420	23419	1001	11338	국민참여당	677
강원도	4200	화천군	19298	13439	12854	585	5859	국민참여당	410
강원도	4200	양구군	16882	11910	11478	432	4972	국민참여당	368
강원도	4200	철원군	37358	23811	22820	991	13547	국민참여당	644
강원도	4200	춘천시	206172	124845	121558	3287	81327	사회당	793
강원도	4200	원주시	234095	133453	130481	2972	100642	사회당	749
강원도	4200	강릉시	170703	99253	96007	3246	71450	사회당	738
강원도	4200	동해시	73611	44943	43475	1468	28668	사회당	320
강원도	4200	삼척시	58602	40384	38635	1749	18218	사회당	457
강원도	4200	태백시	40415	26818	25814	1004	13597	사회당	253
강원도	4200	정선군	33811	24527	23258	1269	9284	사회당	247
강원도	4200	속초시	64606	37575	36314	1261	27031	사회당	208
강원도	4200	고성군	25324	18937	17845	1092	6387	사회당	221
강원도	4200	양양군	23195	16944	15912	1032	6251	사회당	214
강원도	4200	인제군	24855	17697	16757	940	7158	사회당	208
강원도	4200	홍천군	56113	35571	34293	1278	20542	사회당	426
강원도	4200	횡성군	36396	24899	23964	935	11497	사회당	199
강원도	4200	영월군	33315	22246	21533	713	11069	사회당	219
강원도	4200	평창군	35758	24420	23419	1001	11338	사회당	153
강원도	4200	화천군	19298	13439	12854	585	5859	사회당	111
강원도	4200	양구군	16882	11910	11478	432	4972	사회당	141
강원도	4200	철원군	37358	23811	22820	991	13547	사회당	147
충청북도	4300	청주시상당구	182613	100213	98486	1727	82400	한나라당	32467
충청북도	4300	청주시흥덕구	296977	159872	157524	2348	137105	한나라당	47915
충청북도	4300	충주시	161522	94691	91918	2773	66831	한나라당	36646
충청북도	4300	제천시	107034	63335	61628	1707	43699	한나라당	26645
충청북도	4300	단양군	26512	18915	18125	790	7597	한나라당	7391
충청북도	4300	청원군	117270	69625	67547	2078	47645	한나라당	19545
충청북도	4300	영동군	41711	28876	27377	1499	12835	한나라당	9531
충청북도	4300	보은군	29345	21759	20649	1110	7586	한나라당	6457
충청북도	4300	옥천군	44298	30571	29199	1372	13727	한나라당	9151
충청북도	4300	음성군	70936	40243	38842	1401	30693	한나라당	13168
충청북도	4300	진천군	48180	29290	28305	985	18890	한나라당	8056
충청북도	4300	괴산군	31877	22352	20933	1419	9525	한나라당	7616
충청북도	4300	증평군	25536	16654	16010	644	8882	한나라당	5304
충청북도	4300	청주시상당구	182613	100213	98486	1727	82400	민주당	48189
충청북도	4300	청주시흥덕구	296977	159872	157524	2348	137105	민주당	78794
충청북도	4300	충주시	161522	94691	91918	2773	66831	민주당	43750
충청북도	4300	제천시	107034	63335	61628	1707	43699	민주당	24551
충청북도	4300	단양군	26512	18915	18125	790	7597	민주당	7417
충청북도	4300	청원군	117270	69625	67547	2078	47645	민주당	34810
충청북도	4300	영동군	41711	28876	27377	1499	12835	민주당	6135
충청북도	4300	보은군	29345	21759	20649	1110	7586	민주당	5000
충청북도	4300	옥천군	44298	30571	29199	1372	13727	민주당	6358
충청북도	4300	음성군	70936	40243	38842	1401	30693	민주당	19677
충청북도	4300	진천군	48180	29290	28305	985	18890	민주당	13919
충청북도	4300	괴산군	31877	22352	20933	1419	9525	민주당	9432
충청북도	4300	증평군	25536	16654	16010	644	8882	민주당	8387
충청북도	4300	청주시상당구	182613	100213	98486	1727	82400	자유선진당	5863
충청북도	4300	청주시흥덕구	296977	159872	157524	2348	137105	자유선진당	8217
충청북도	4300	충주시	161522	94691	91918	2773	66831	자유선진당	2616
충청북도	4300	제천시	107034	63335	61628	1707	43699	자유선진당	2707
충청북도	4300	단양군	26512	18915	18125	790	7597	자유선진당	814
충청북도	4300	청원군	117270	69625	67547	2078	47645	자유선진당	4779
충청북도	4300	영동군	41711	28876	27377	1499	12835	자유선진당	7115
충청북도	4300	보은군	29345	21759	20649	1110	7586	자유선진당	6713
충청북도	4300	옥천군	44298	30571	29199	1372	13727	자유선진당	10005
충청북도	4300	음성군	70936	40243	38842	1401	30693	자유선진당	1805
충청북도	4300	진천군	48180	29290	28305	985	18890	자유선진당	848
충청북도	4300	괴산군	31877	22352	20933	1419	9525	자유선진당	984
충청북도	4300	증평군	25536	16654	16010	644	8882	자유선진당	701
충청북도	4300	청주시상당구	182613	100213	98486	1727	82400	민주노동당	3434
충청북도	4300	청주시흥덕구	296977	159872	157524	2348	137105	민주노동당	6854
충청북도	4300	충주시	161522	94691	91918	2773	66831	민주노동당	2790
충청북도	4300	제천시	107034	63335	61628	1707	43699	민주노동당	2977
충청북도	4300	단양군	26512	18915	18125	790	7597	민주노동당	607
충청북도	4300	청원군	117270	69625	67547	2078	47645	민주노동당	3379
충청북도	4300	영동군	41711	28876	27377	1499	12835	민주노동당	1160
충청북도	4300	보은군	29345	21759	20649	1110	7586	민주노동당	788
충청북도	4300	옥천군	44298	30571	29199	1372	13727	민주노동당	1203
충청북도	4300	음성군	70936	40243	38842	1401	30693	민주노동당	1946
충청북도	4300	진천군	48180	29290	28305	985	18890	민주노동당	1900
충청북도	4300	괴산군	31877	22352	20933	1419	9525	민주노동당	999
충청북도	4300	증평군	25536	16654	16010	644	8882	민주노동당	540
충청북도	4300	청주시상당구	182613	100213	98486	1727	82400	진보신당	1339
충청북도	4300	청주시흥덕구	296977	159872	157524	2348	137105	진보신당	2758
충청북도	4300	충주시	161522	94691	91918	2773	66831	진보신당	1117
충청북도	4300	제천시	107034	63335	61628	1707	43699	진보신당	747
충청북도	4300	단양군	26512	18915	18125	790	7597	진보신당	244
충청북도	4300	청원군	117270	69625	67547	2078	47645	진보신당	933
충청북도	4300	영동군	41711	28876	27377	1499	12835	진보신당	589
충청북도	4300	보은군	29345	21759	20649	1110	7586	진보신당	391
충청북도	4300	옥천군	44298	30571	29199	1372	13727	진보신당	498
충청북도	4300	음성군	70936	40243	38842	1401	30693	진보신당	494
충청북도	4300	진천군	48180	29290	28305	985	18890	진보신당	441
충청북도	4300	괴산군	31877	22352	20933	1419	9525	진보신당	572
충청북도	4300	증평군	25536	16654	16010	644	8882	진보신당	222
충청북도	4300	청주시상당구	182613	100213	98486	1727	82400	국민참여당	4396
충청북도	4300	청주시흥덕구	296977	159872	157524	2348	137105	국민참여당	7004
충청북도	4300	충주시	161522	94691	91918	2773	66831	국민참여당	2543
충청북도	4300	제천시	107034	63335	61628	1707	43699	국민참여당	1954
충청북도	4300	단양군	26512	18915	18125	790	7597	국민참여당	653
충청북도	4300	청원군	117270	69625	67547	2078	47645	국민참여당	2713
충청북도	4300	영동군	41711	28876	27377	1499	12835	국민참여당	627
충청북도	4300	보은군	29345	21759	20649	1110	7586	국민참여당	481
충청북도	4300	옥천군	44298	30571	29199	1372	13727	국민참여당	976
충청북도	4300	음성군	70936	40243	38842	1401	30693	국민참여당	1047
충청북도	4300	진천군	48180	29290	28305	985	18890	국민참여당	896
충청북도	4300	괴산군	31877	22352	20933	1419	9525	국민참여당	678
충청북도	4300	증평군	25536	16654	16010	644	8882	국민참여당	494
충청북도	4300	청주시상당구	182613	100213	98486	1727	82400	미래연합	2432
충청북도	4300	청주시흥덕구	296977	159872	157524	2348	137105	미래연합	5476
충청북도	4300	충주시	161522	94691	91918	2773	66831	미래연합	1960
충청북도	4300	제천시	107034	63335	61628	1707	43699	미래연합	1598
충청북도	4300	단양군	26512	18915	18125	790	7597	미래연합	825
충청북도	4300	청원군	117270	69625	67547	2078	47645	미래연합	881
충청북도	4300	영동군	41711	28876	27377	1499	12835	미래연합	1949
충청북도	4300	보은군	29345	21759	20649	1110	7586	미래연합	603
충청북도	4300	옥천군	44298	30571	29199	1372	13727	미래연합	711
충청북도	4300	음성군	70936	40243	38842	1401	30693	미래연합	404
충청북도	4300	진천군	48180	29290	28305	985	18890	미래연합	1951
충청북도	4300	괴산군	31877	22352	20933	1419	9525	미래연합	376
충청북도	4300	증평군	25536	16654	16010	644	8882	미래연합	219
충청북도	4300	청주시상당구	182613	100213	98486	1727	82400	사회당	366
충청북도	4300	청주시흥덕구	296977	159872	157524	2348	137105	사회당	506
충청북도	4300	충주시	161522	94691	91918	2773	66831	사회당	496
충청북도	4300	제천시	107034	63335	61628	1707	43699	사회당	449
충청북도	4300	단양군	26512	18915	18125	790	7597	사회당	174
충청북도	4300	청원군	117270	69625	67547	2078	47645	사회당	507
충청북도	4300	영동군	41711	28876	27377	1499	12835	사회당	271
충청북도	4300	보은군	29345	21759	20649	1110	7586	사회당	216
충청북도	4300	옥천군	44298	30571	29199	1372	13727	사회당	297
충청북도	4300	음성군	70936	40243	38842	1401	30693	사회당	301
충청북도	4300	진천군	48180	29290	28305	985	18890	사회당	294
충청북도	4300	괴산군	31877	22352	20933	1419	9525	사회당	276
충청북도	4300	증평군	25536	16654	16010	644	8882	사회당	143
충청남도	4400	천안시서북구	221580	104688	103030	1658	116892	한나라당	27114
충청남도	4400	천안시동남구	183142	89013	87265	1748	94129	한나라당	24001
충청남도	4400	공주시	99709	61208	58493	2715	38501	한나라당	8835
충청남도	4400	보령시	85687	53700	50853	2847	31987	한나라당	11464
충청남도	4400	아산시	195443	99862	97085	2777	95581	한나라당	24297
충청남도	4400	서산시	121199	66621	64352	2269	54578	한나라당	15837
충청남도	4400	태안군	52517	36024	33272	2752	16493	한나라당	8119
충청남도	4400	금산군	46562	28883	27220	1663	17679	한나라당	5964
충청남도	4400	연기군	64534	37799	36342	1457	26735	한나라당	5044
충청남도	4400	논산시	101953	61123	58534	2589	40830	한나라당	12536
충청남도	4400	계룡시	30047	19324	18886	438	10723	한나라당	6839
충청남도	4400	부여군	62144	41885	39486	2399	20259	한나라당	9553
충청남도	4400	서천군	50167	34168	31913	2255	15999	한나라당	6181
충청남도	4400	홍성군	70516	43141	40747	2394	27375	한나라당	11357
충청남도	4400	청양군	27528	20470	19054	1416	7058	한나라당	5636
충청남도	4400	예산군	71607	44099	41283	2816	27508	한나라당	10340
충청남도	4400	당진군	111252	59840	57497	2343	51412	한나라당	12845
충청남도	4400	천안시서북구	221580	104688	103030	1658	116892	민주당	34984
충청남도	4400	천안시동남구	183142	89013	87265	1748	94129	민주당	29254
충청남도	4400	공주시	99709	61208	58493	2715	38501	민주당	16352
충청남도	4400	보령시	85687	53700	50853	2847	31987	민주당	9032
충청남도	4400	아산시	195443	99862	97085	2777	95581	민주당	30993
충청남도	4400	서산시	121199	66621	64352	2269	54578	민주당	15717
충청남도	4400	태안군	52517	36024	33272	2752	16493	민주당	7197
충청남도	4400	금산군	46562	28883	27220	1663	17679	민주당	7775
충청남도	4400	연기군	64534	37799	36342	1457	26735	민주당	14034
충청남도	4400	논산시	101953	61123	58534	2589	40830	민주당	23619
충청남도	4400	계룡시	30047	19324	18886	438	10723	민주당	6077
충청남도	4400	부여군	62144	41885	39486	2399	20259	민주당	8009
충청남도	4400	서천군	50167	34168	31913	2255	15999	민주당	10258
충청남도	4400	홍성군	70516	43141	40747	2394	27375	민주당	7580
충청남도	4400	청양군	27528	20470	19054	1416	7058	민주당	2555
충청남도	4400	예산군	71607	44099	41283	2816	27508	민주당	5140
충청남도	4400	당진군	111252	59840	57497	2343	51412	민주당	15503
충청남도	4400	천안시서북구	221580	104688	103030	1658	116892	자유선진당	29996
충청남도	4400	천안시동남구	183142	89013	87265	1748	94129	자유선진당	25892
충청남도	4400	공주시	99709	61208	58493	2715	38501	자유선진당	25188
충청남도	4400	보령시	85687	53700	50853	2847	31987	자유선진당	23904
충청남도	4400	아산시	195443	99862	97085	2777	95581	자유선진당	31077
충청남도	4400	서산시	121199	66621	64352	2269	54578	자유선진당	26332
충청남도	4400	태안군	52517	36024	33272	2752	16493	자유선진당	14077
충청남도	4400	금산군	46562	28883	27220	1663	17679	자유선진당	10915
충청남도	4400	연기군	64534	37799	36342	1457	26735	자유선진당	14340
충청남도	4400	논산시	101953	61123	58534	2589	40830	자유선진당	17988
충청남도	4400	계룡시	30047	19324	18886	438	10723	자유선진당	4015
충청남도	4400	부여군	62144	41885	39486	2399	20259	자유선진당	18960
충청남도	4400	서천군	50167	34168	31913	2255	15999	자유선진당	12894
충청남도	4400	홍성군	70516	43141	40747	2394	27375	자유선진당	18103
충청남도	4400	청양군	27528	20470	19054	1416	7058	자유선진당	9168
충청남도	4400	예산군	71607	44099	41283	2816	27508	자유선진당	21820
충청남도	4400	당진군	111252	59840	57497	2343	51412	자유선진당	23809
충청남도	4400	천안시서북구	221580	104688	103030	1658	116892	민주노동당	4214
충청남도	4400	천안시동남구	183142	89013	87265	1748	94129	민주노동당	3360
충청남도	4400	공주시	99709	61208	58493	2715	38501	민주노동당	2033
충청남도	4400	보령시	85687	53700	50853	2847	31987	민주노동당	2665
충청남도	4400	아산시	195443	99862	97085	2777	95581	민주노동당	5491
충청남도	4400	서산시	121199	66621	64352	2269	54578	민주노동당	2747
충청남도	4400	태안군	52517	36024	33272	2752	16493	민주노동당	1119
충청남도	4400	금산군	46562	28883	27220	1663	17679	민주노동당	795
충청남도	4400	연기군	64534	37799	36342	1457	26735	민주노동당	852
충청남도	4400	논산시	101953	61123	58534	2589	40830	민주노동당	1878
충청남도	4400	계룡시	30047	19324	18886	438	10723	민주노동당	392
충청남도	4400	부여군	62144	41885	39486	2399	20259	민주노동당	1113
충청남도	4400	서천군	50167	34168	31913	2255	15999	민주노동당	992
충청남도	4400	홍성군	70516	43141	40747	2394	27375	민주노동당	1205
충청남도	4400	청양군	27528	20470	19054	1416	7058	민주노동당	491
충청남도	4400	예산군	71607	44099	41283	2816	27508	민주노동당	1245
충청남도	4400	당진군	111252	59840	57497	2343	51412	민주노동당	2077
충청남도	4400	천안시서북구	221580	104688	103030	1658	116892	진보신당	2243
충청남도	4400	천안시동남구	183142	89013	87265	1748	94129	진보신당	1304
충청남도	4400	공주시	99709	61208	58493	2715	38501	진보신당	1737
충청남도	4400	보령시	85687	53700	50853	2847	31987	진보신당	700
충청남도	4400	아산시	195443	99862	97085	2777	95581	진보신당	1317
충청남도	4400	서산시	121199	66621	64352	2269	54578	진보신당	929
충청남도	4400	태안군	52517	36024	33272	2752	16493	진보신당	1119
충청남도	4400	금산군	46562	28883	27220	1663	17679	진보신당	568
충청남도	4400	연기군	64534	37799	36342	1457	26735	진보신당	499
충청남도	4400	논산시	101953	61123	58534	2589	40830	진보신당	616
충청남도	4400	계룡시	30047	19324	18886	438	10723	진보신당	426
충청남도	4400	부여군	62144	41885	39486	2399	20259	진보신당	440
충청남도	4400	서천군	50167	34168	31913	2255	15999	진보신당	339
충청남도	4400	홍성군	70516	43141	40747	2394	27375	진보신당	636
충청남도	4400	청양군	27528	20470	19054	1416	7058	진보신당	242
충청남도	4400	예산군	71607	44099	41283	2816	27508	진보신당	906
충청남도	4400	당진군	111252	59840	57497	2343	51412	진보신당	1050
충청남도	4400	천안시서북구	221580	104688	103030	1658	116892	국민참여당	3244
충청남도	4400	천안시동남구	183142	89013	87265	1748	94129	국민참여당	2146
충청남도	4400	공주시	99709	61208	58493	2715	38501	국민참여당	3155
충청남도	4400	보령시	85687	53700	50853	2847	31987	국민참여당	1394
충청남도	4400	아산시	195443	99862	97085	2777	95581	국민참여당	2474
충청남도	4400	서산시	121199	66621	64352	2269	54578	국민참여당	1741
충청남도	4400	태안군	52517	36024	33272	2752	16493	국민참여당	827
충청남도	4400	금산군	46562	28883	27220	1663	17679	국민참여당	563
충청남도	4400	연기군	64534	37799	36342	1457	26735	국민참여당	908
충청남도	4400	논산시	101953	61123	58534	2589	40830	국민참여당	947
충청남도	4400	계룡시	30047	19324	18886	438	10723	국민참여당	854
충청남도	4400	부여군	62144	41885	39486	2399	20259	국민참여당	723
충청남도	4400	서천군	50167	34168	31913	2255	15999	국민참여당	503
충청남도	4400	홍성군	70516	43141	40747	2394	27375	국민참여당	1042
충청남도	4400	청양군	27528	20470	19054	1416	7058	국민참여당	450
충청남도	4400	예산군	71607	44099	41283	2816	27508	국민참여당	799
충청남도	4400	당진군	111252	59840	57497	2343	51412	국민참여당	1311
충청남도	4400	천안시서북구	221580	104688	103030	1658	116892	미래연합	953
충청남도	4400	천안시동남구	183142	89013	87265	1748	94129	미래연합	976
충청남도	4400	공주시	99709	61208	58493	2715	38501	미래연합	850
충청남도	4400	보령시	85687	53700	50853	2847	31987	미래연합	1299
충청남도	4400	아산시	195443	99862	97085	2777	95581	미래연합	1061
충청남도	4400	서산시	121199	66621	64352	2269	54578	미래연합	698
충청남도	4400	태안군	52517	36024	33272	2752	16493	미래연합	519
충청남도	4400	금산군	46562	28883	27220	1663	17679	미래연합	369
충청남도	4400	연기군	64534	37799	36342	1457	26735	미래연합	499
충청남도	4400	논산시	101953	61123	58534	2589	40830	미래연합	599
충청남도	4400	계룡시	30047	19324	18886	438	10723	미래연합	219
충청남도	4400	부여군	62144	41885	39486	2399	20259	미래연합	424
충청남도	4400	서천군	50167	34168	31913	2255	15999	미래연합	416
충청남도	4400	홍성군	70516	43141	40747	2394	27375	미래연합	553
충청남도	4400	청양군	27528	20470	19054	1416	7058	미래연합	318
충청남도	4400	예산군	71607	44099	41283	2816	27508	미래연합	731
충청남도	4400	당진군	111252	59840	57497	2343	51412	미래연합	598
충청남도	4400	천안시서북구	221580	104688	103030	1658	116892	사회당	282
충청남도	4400	천안시동남구	183142	89013	87265	1748	94129	사회당	332
충청남도	4400	공주시	99709	61208	58493	2715	38501	사회당	343
충청남도	4400	보령시	85687	53700	50853	2847	31987	사회당	395
충청남도	4400	아산시	195443	99862	97085	2777	95581	사회당	375
충청남도	4400	서산시	121199	66621	64352	2269	54578	사회당	351
충청남도	4400	태안군	52517	36024	33272	2752	16493	사회당	295
충청남도	4400	금산군	46562	28883	27220	1663	17679	사회당	271
충청남도	4400	연기군	64534	37799	36342	1457	26735	사회당	166
충청남도	4400	논산시	101953	61123	58534	2589	40830	사회당	351
충청남도	4400	계룡시	30047	19324	18886	438	10723	사회당	64
충청남도	4400	부여군	62144	41885	39486	2399	20259	사회당	264
충청남도	4400	서천군	50167	34168	31913	2255	15999	사회당	330
충청남도	4400	홍성군	70516	43141	40747	2394	27375	사회당	271
충청남도	4400	청양군	27528	20470	19054	1416	7058	사회당	194
충청남도	4400	예산군	71607	44099	41283	2816	27508	사회당	302
충청남도	4400	당진군	111252	59840	57497	2343	51412	사회당	304
전라북도	4500	전주시완산구	262926	140328	137694	2634	122598	한나라당	21430
전라북도	4500	전주시덕진구	210631	107759	105654	2105	102872	한나라당	15029
전라북도	4500	군산시	207328	113603	109522	4081	93725	한나라당	14215
전라북도	4500	익산시	234104	126654	122251	4403	107450	한나라당	14818
전라북도	4500	정읍시	96698	64652	61239	3413	32046	한나라당	5704
전라북도	4500	남원시	69420	47632	45648	1984	21788	한나라당	4785
전라북도	4500	김제시	78217	51872	48838	3034	26345	한나라당	6090
전라북도	4500	완주군	67270	41779	39989	1790	25491	한나라당	4957
전라북도	4500	진안군	23443	17961	16967	994	5482	한나라당	2064
전라북도	4500	무주군	21439	16740	15573	1167	4699	한나라당	2095
전라북도	4500	장수군	19757	15505	14488	1017	4252	한나라당	1506
전라북도	4500	임실군	26252	19574	18531	1043	6678	한나라당	2414
전라북도	4500	순창군	25136	19662	18519	1143	5474	한나라당	1748
전라북도	4500	고창군	49998	36924	34762	2162	13074	한나라당	3139
전라북도	4500	부안군	50186	35410	33052	2358	14776	한나라당	3987
전라북도	4500	전주시완산구	262926	140328	137694	2634	122598	민주당	77597
전라북도	4500	전주시덕진구	210631	107759	105654	2105	102872	민주당	60924
전라북도	4500	군산시	207328	113603	109522	4081	93725	민주당	69195
전라북도	4500	익산시	234104	126654	122251	4403	107450	민주당	74730
전라북도	4500	정읍시	96698	64652	61239	3413	32046	민주당	38764
전라북도	4500	남원시	69420	47632	45648	1984	21788	민주당	32216
전라북도	4500	김제시	78217	51872	48838	3034	26345	민주당	29359
전라북도	4500	완주군	67270	41779	39989	1790	25491	민주당	25364
전라북도	4500	진안군	23443	17961	16967	994	5482	민주당	9795
전라북도	4500	무주군	21439	16740	15573	1167	4699	민주당	10161
전라북도	4500	장수군	19757	15505	14488	1017	4252	민주당	9661
전라북도	4500	임실군	26252	19574	18531	1043	6678	민주당	11863
전라북도	4500	순창군	25136	19662	18519	1143	5474	민주당	11594
전라북도	4500	고창군	49998	36924	34762	2162	13074	민주당	23789
전라북도	4500	부안군	50186	35410	33052	2358	14776	민주당	22661
전라북도	4500	전주시완산구	262926	140328	137694	2634	122598	민주노동당	14445
전라북도	4500	전주시덕진구	210631	107759	105654	2105	102872	민주노동당	11915
전라북도	4500	군산시	207328	113603	109522	4081	93725	민주노동당	11131
전라북도	4500	익산시	234104	126654	122251	4403	107450	민주노동당	13775
전라북도	4500	정읍시	96698	64652	61239	3413	32046	민주노동당	9549
전라북도	4500	남원시	69420	47632	45648	1984	21788	민주노동당	2859
전라북도	4500	김제시	78217	51872	48838	3034	26345	민주노동당	7019
전라북도	4500	완주군	67270	41779	39989	1790	25491	민주노동당	4613
전라북도	4500	진안군	23443	17961	16967	994	5482	민주노동당	1383
전라북도	4500	무주군	21439	16740	15573	1167	4699	민주노동당	1154
전라북도	4500	장수군	19757	15505	14488	1017	4252	민주노동당	1350
전라북도	4500	임실군	26252	19574	18531	1043	6678	민주노동당	1716
전라북도	4500	순창군	25136	19662	18519	1143	5474	민주노동당	2992
전라북도	4500	고창군	49998	36924	34762	2162	13074	민주노동당	3202
전라북도	4500	부안군	50186	35410	33052	2358	14776	민주노동당	2709
전라북도	4500	전주시완산구	262926	140328	137694	2634	122598	진보신당	5319
전라북도	4500	전주시덕진구	210631	107759	105654	2105	102872	진보신당	6160
전라북도	4500	군산시	207328	113603	109522	4081	93725	진보신당	4426
전라북도	4500	익산시	234104	126654	122251	4403	107450	진보신당	3803
전라북도	4500	정읍시	96698	64652	61239	3413	32046	진보신당	1551
전라북도	4500	남원시	69420	47632	45648	1984	21788	진보신당	2472
전라북도	4500	김제시	78217	51872	48838	3034	26345	진보신당	1086
전라북도	4500	완주군	67270	41779	39989	1790	25491	진보신당	1609
전라북도	4500	진안군	23443	17961	16967	994	5482	진보신당	797
전라북도	4500	무주군	21439	16740	15573	1167	4699	진보신당	567
전라북도	4500	장수군	19757	15505	14488	1017	4252	진보신당	669
전라북도	4500	임실군	26252	19574	18531	1043	6678	진보신당	729
전라북도	4500	순창군	25136	19662	18519	1143	5474	진보신당	619
전라북도	4500	고창군	49998	36924	34762	2162	13074	진보신당	1040
전라북도	4500	부안군	50186	35410	33052	2358	14776	진보신당	1349
전라북도	4500	전주시완산구	262926	140328	137694	2634	122598	국민참여당	16708
전라북도	4500	전주시덕진구	210631	107759	105654	2105	102872	국민참여당	10177
전라북도	4500	군산시	207328	113603	109522	4081	93725	국민참여당	8691
전라북도	4500	익산시	234104	126654	122251	4403	107450	국민참여당	10087
전라북도	4500	정읍시	96698	64652	61239	3413	32046	국민참여당	4055
전라북도	4500	남원시	69420	47632	45648	1984	21788	국민참여당	2158
전라북도	4500	김제시	78217	51872	48838	3034	26345	국민참여당	3815
전라북도	4500	완주군	67270	41779	39989	1790	25491	국민참여당	2240
전라북도	4500	진안군	23443	17961	16967	994	5482	국민참여당	2121
전라북도	4500	무주군	21439	16740	15573	1167	4699	국민참여당	807
전라북도	4500	장수군	19757	15505	14488	1017	4252	국민참여당	644
전라북도	4500	임실군	26252	19574	18531	1043	6678	국민참여당	1004
전라북도	4500	순창군	25136	19662	18519	1143	5474	국민참여당	862
전라북도	4500	고창군	49998	36924	34762	2162	13074	국민참여당	1743
전라북도	4500	부안군	50186	35410	33052	2358	14776	국민참여당	1203
전라북도	4500	전주시완산구	262926	140328	137694	2634	122598	사회당	360
전라북도	4500	전주시덕진구	210631	107759	105654	2105	102872	사회당	268
전라북도	4500	군산시	207328	113603	109522	4081	93725	사회당	493
전라북도	4500	익산시	234104	126654	122251	4403	107450	사회당	669
전라북도	4500	정읍시	96698	64652	61239	3413	32046	사회당	498
전라북도	4500	남원시	69420	47632	45648	1984	21788	사회당	415
전라북도	4500	김제시	78217	51872	48838	3034	26345	사회당	536
전라북도	4500	완주군	67270	41779	39989	1790	25491	사회당	357
전라북도	4500	진안군	23443	17961	16967	994	5482	사회당	334
전라북도	4500	무주군	21439	16740	15573	1167	4699	사회당	296
전라북도	4500	장수군	19757	15505	14488	1017	4252	사회당	255
전라북도	4500	임실군	26252	19574	18531	1043	6678	사회당	267
전라북도	4500	순창군	25136	19662	18519	1143	5474	사회당	265
전라북도	4500	고창군	49998	36924	34762	2162	13074	사회당	674
전라북도	4500	부안군	50186	35410	33052	2358	14776	사회당	370
전라북도	4500	전주시완산구	262926	140328	137694	2634	122598	평화민주당	1835
전라북도	4500	전주시덕진구	210631	107759	105654	2105	102872	평화민주당	1181
전라북도	4500	군산시	207328	113603	109522	4081	93725	평화민주당	1371
전라북도	4500	익산시	234104	126654	122251	4403	107450	평화민주당	4369
전라북도	4500	정읍시	96698	64652	61239	3413	32046	평화민주당	1118
전라북도	4500	남원시	69420	47632	45648	1984	21788	평화민주당	743
전라북도	4500	김제시	78217	51872	48838	3034	26345	평화민주당	933
전라북도	4500	완주군	67270	41779	39989	1790	25491	평화민주당	849
전라북도	4500	진안군	23443	17961	16967	994	5482	평화민주당	473
전라북도	4500	무주군	21439	16740	15573	1167	4699	평화민주당	493
전라북도	4500	장수군	19757	15505	14488	1017	4252	평화민주당	403
전라북도	4500	임실군	26252	19574	18531	1043	6678	평화민주당	538
전라북도	4500	순창군	25136	19662	18519	1143	5474	평화민주당	439
전라북도	4500	고창군	49998	36924	34762	2162	13074	평화민주당	1175
전라북도	4500	부안군	50186	35410	33052	2358	14776	평화민주당	773
전라남도	4600	목포시	181872	91620	88629	2991	90252	한나라당	6355
전라남도	4600	여수시	225147	130655	126187	4468	94492	한나라당	10502
전라남도	4600	순천시	200321	122957	118052	4905	77364	한나라당	9392
전라남도	4600	나주시	75246	52378	49325	3053	22868	한나라당	3238
전라남도	4600	광양시	104440	65139	63286	1853	39301	한나라당	6713
전라남도	4600	담양군	39981	26958	25548	1410	13023	한나라당	2486
전라남도	4600	장성군	38299	27487	25866	1621	10812	한나라당	2796
전라남도	4600	곡성군	26917	20583	19243	1340	6334	한나라당	1642
전라남도	4600	구례군	22984	18290	17012	1278	4694	한나라당	1297
전라남도	4600	고흥군	63702	47401	43631	3770	16301	한나라당	4833
전라남도	4600	보성군	41044	29702	27714	1988	11342	한나라당	2796
전라남도	4600	화순군	54681	37820	35769	2051	16861	한나라당	2927
전라남도	4600	장흥군	34748	25234	23959	1275	9514	한나라당	1765
전라남도	4600	강진군	33414	24016	22583	1433	9398	한나라당	2291
전라남도	4600	완도군	45162	33807	31467	2340	11355	한나라당	2198
전라남도	4600	해남군	65721	43884	40793	3091	21837	한나라당	3010
전라남도	4600	진도군	28171	21288	19260	2028	6883	한나라당	1143
전라남도	4600	영암군	47703	25948	24947	1001	21755	한나라당	2114
전라남도	4600	무안군	58068	37871	35906	1965	20197	한나라당	3230
전라남도	4600	영광군	46484	32080	30300	1780	14404	한나라당	2836
전라남도	4600	함평군	31104	21767	20471	1296	9337	한나라당	2238
전라남도	4600	신안군	39693	30441	27545	2896	9252	한나라당	2367
전라남도	4600	목포시	181872	91620	88629	2991	90252	민주당	54342
전라남도	4600	여수시	225147	130655	126187	4468	94492	민주당	78530
전라남도	4600	순천시	200321	122957	118052	4905	77364	민주당	74479
전라남도	4600	나주시	75246	52378	49325	3053	22868	민주당	28695
전라남도	4600	광양시	104440	65139	63286	1853	39301	민주당	33053
전라남도	4600	담양군	39981	26958	25548	1410	13023	민주당	17255
전라남도	4600	장성군	38299	27487	25866	1621	10812	민주당	16829
전라남도	4600	곡성군	26917	20583	19243	1340	6334	민주당	12434
전라남도	4600	구례군	22984	18290	17012	1278	4694	민주당	9949
전라남도	4600	고흥군	63702	47401	43631	3770	16301	민주당	28445
전라남도	4600	보성군	41044	29702	27714	1988	11342	민주당	17022
전라남도	4600	화순군	54681	37820	35769	2051	16861	민주당	20951
전라남도	4600	장흥군	34748	25234	23959	1275	9514	민주당	13171
전라남도	4600	강진군	33414	24016	22583	1433	9398	민주당	14798
전라남도	4600	완도군	45162	33807	31467	2340	11355	민주당	23093
전라남도	4600	해남군	65721	43884	40793	3091	21837	민주당	25144
전라남도	4600	진도군	28171	21288	19260	2028	6883	민주당	10975
전라남도	4600	영암군	47703	25948	24947	1001	21755	민주당	16469
전라남도	4600	무안군	58068	37871	35906	1965	20197	민주당	22642
전라남도	4600	영광군	46484	32080	30300	1780	14404	민주당	18783
전라남도	4600	함평군	31104	21767	20471	1296	9337	민주당	13328
전라남도	4600	신안군	39693	30441	27545	2896	9252	민주당	18605
전라남도	4600	목포시	181872	91620	88629	2991	90252	민주노동당	17416
전라남도	4600	여수시	225147	130655	126187	4468	94492	민주노동당	18154
전라남도	4600	순천시	200321	122957	118052	4905	77364	민주노동당	20298
전라남도	4600	나주시	75246	52378	49325	3053	22868	민주노동당	12261
전라남도	4600	광양시	104440	65139	63286	1853	39301	민주노동당	11632
전라남도	4600	담양군	39981	26958	25548	1410	13023	민주노동당	2737
전라남도	4600	장성군	38299	27487	25866	1621	10812	민주노동당	2683
전라남도	4600	곡성군	26917	20583	19243	1340	6334	민주노동당	2711
전라남도	4600	구례군	22984	18290	17012	1278	4694	민주노동당	3961
전라남도	4600	고흥군	63702	47401	43631	3770	16301	민주노동당	5931
전라남도	4600	보성군	41044	29702	27714	1988	11342	민주노동당	4715
전라남도	4600	화순군	54681	37820	35769	2051	16861	민주노동당	7014
전라남도	4600	장흥군	34748	25234	23959	1275	9514	민주노동당	6982
전라남도	4600	강진군	33414	24016	22583	1433	9398	민주노동당	2598
전라남도	4600	완도군	45162	33807	31467	2340	11355	민주노동당	2542
전라남도	4600	해남군	65721	43884	40793	3091	21837	민주노동당	6761
전라남도	4600	진도군	28171	21288	19260	2028	6883	민주노동당	3639
전라남도	4600	영암군	47703	25948	24947	1001	21755	민주노동당	4172
전라남도	4600	무안군	58068	37871	35906	1965	20197	민주노동당	6338
전라남도	4600	영광군	46484	32080	30300	1780	14404	민주노동당	4939
전라남도	4600	함평군	31104	21767	20471	1296	9337	민주노동당	2426
전라남도	4600	신안군	39693	30441	27545	2896	9252	민주노동당	2909
전라남도	4600	목포시	181872	91620	88629	2991	90252	진보신당	1600
전라남도	4600	여수시	225147	130655	126187	4468	94492	진보신당	2797
전라남도	4600	순천시	200321	122957	118052	4905	77364	진보신당	1909
전라남도	4600	나주시	75246	52378	49325	3053	22868	진보신당	1482
전라남도	4600	광양시	104440	65139	63286	1853	39301	진보신당	907
전라남도	4600	담양군	39981	26958	25548	1410	13023	진보신당	772
전라남도	4600	장성군	38299	27487	25866	1621	10812	진보신당	929
전라남도	4600	곡성군	26917	20583	19243	1340	6334	진보신당	695
전라남도	4600	구례군	22984	18290	17012	1278	4694	진보신당	426
전라남도	4600	고흥군	63702	47401	43631	3770	16301	진보신당	1211
전라남도	4600	보성군	41044	29702	27714	1988	11342	진보신당	788
전라남도	4600	화순군	54681	37820	35769	2051	16861	진보신당	1268
전라남도	4600	장흥군	34748	25234	23959	1275	9514	진보신당	467
전라남도	4600	강진군	33414	24016	22583	1433	9398	진보신당	777
전라남도	4600	완도군	45162	33807	31467	2340	11355	진보신당	736
전라남도	4600	해남군	65721	43884	40793	3091	21837	진보신당	1023
전라남도	4600	진도군	28171	21288	19260	2028	6883	진보신당	712
전라남도	4600	영암군	47703	25948	24947	1001	21755	진보신당	483
전라남도	4600	무안군	58068	37871	35906	1965	20197	진보신당	831
전라남도	4600	영광군	46484	32080	30300	1780	14404	진보신당	900
전라남도	4600	함평군	31104	21767	20471	1296	9337	진보신당	776
전라남도	4600	신안군	39693	30441	27545	2896	9252	진보신당	634
전라남도	4600	목포시	181872	91620	88629	2991	90252	국민참여당	5019
전라남도	4600	여수시	225147	130655	126187	4468	94492	국민참여당	10438
전라남도	4600	순천시	200321	122957	118052	4905	77364	국민참여당	7781
전라남도	4600	나주시	75246	52378	49325	3053	22868	국민참여당	1769
전라남도	4600	광양시	104440	65139	63286	1853	39301	국민참여당	9497
전라남도	4600	담양군	39981	26958	25548	1410	13023	국민참여당	1087
전라남도	4600	장성군	38299	27487	25866	1621	10812	국민참여당	1239
전라남도	4600	곡성군	26917	20583	19243	1340	6334	국민참여당	739
전라남도	4600	구례군	22984	18290	17012	1278	4694	국민참여당	717
전라남도	4600	고흥군	63702	47401	43631	3770	16301	국민참여당	1315
전라남도	4600	보성군	41044	29702	27714	1988	11342	국민참여당	1266
전라남도	4600	화순군	54681	37820	35769	2051	16861	국민참여당	2106
전라남도	4600	장흥군	34748	25234	23959	1275	9514	국민참여당	703
전라남도	4600	강진군	33414	24016	22583	1433	9398	국민참여당	813
전라남도	4600	완도군	45162	33807	31467	2340	11355	국민참여당	1371
전라남도	4600	해남군	65721	43884	40793	3091	21837	국민참여당	992
전라남도	4600	진도군	28171	21288	19260	2028	6883	국민참여당	1747
전라남도	4600	영암군	47703	25948	24947	1001	21755	국민참여당	819
전라남도	4600	무안군	58068	37871	35906	1965	20197	국민참여당	1527
전라남도	4600	영광군	46484	32080	30300	1780	14404	국민참여당	1296
전라남도	4600	함평군	31104	21767	20471	1296	9337	국민참여당	703
전라남도	4600	신안군	39693	30441	27545	2896	9252	국민참여당	1367
전라남도	4600	목포시	181872	91620	88629	2991	90252	사회당	353
전라남도	4600	여수시	225147	130655	126187	4468	94492	사회당	1341
전라남도	4600	순천시	200321	122957	118052	4905	77364	사회당	754
전라남도	4600	나주시	75246	52378	49325	3053	22868	사회당	618
전라남도	4600	광양시	104440	65139	63286	1853	39301	사회당	414
전라남도	4600	담양군	39981	26958	25548	1410	13023	사회당	401
전라남도	4600	장성군	38299	27487	25866	1621	10812	사회당	340
전라남도	4600	곡성군	26917	20583	19243	1340	6334	사회당	337
전라남도	4600	구례군	22984	18290	17012	1278	4694	사회당	209
전라남도	4600	고흥군	63702	47401	43631	3770	16301	사회당	481
전라남도	4600	보성군	41044	29702	27714	1988	11342	사회당	285
전라남도	4600	화순군	54681	37820	35769	2051	16861	사회당	379
전라남도	4600	장흥군	34748	25234	23959	1275	9514	사회당	279
전라남도	4600	강진군	33414	24016	22583	1433	9398	사회당	379
전라남도	4600	완도군	45162	33807	31467	2340	11355	사회당	486
전라남도	4600	해남군	65721	43884	40793	3091	21837	사회당	455
전라남도	4600	진도군	28171	21288	19260	2028	6883	사회당	397
전라남도	4600	영암군	47703	25948	24947	1001	21755	사회당	216
전라남도	4600	무안군	58068	37871	35906	1965	20197	사회당	384
전라남도	4600	영광군	46484	32080	30300	1780	14404	사회당	495
전라남도	4600	함평군	31104	21767	20471	1296	9337	사회당	238
전라남도	4600	신안군	39693	30441	27545	2896	9252	사회당	497
전라남도	4600	목포시	181872	91620	88629	2991	90252	평화민주당	3544
전라남도	4600	여수시	225147	130655	126187	4468	94492	평화민주당	4425
전라남도	4600	순천시	200321	122957	118052	4905	77364	평화민주당	3439
전라남도	4600	나주시	75246	52378	49325	3053	22868	평화민주당	1262
전라남도	4600	광양시	104440	65139	63286	1853	39301	평화민주당	1070
전라남도	4600	담양군	39981	26958	25548	1410	13023	평화민주당	810
전라남도	4600	장성군	38299	27487	25866	1621	10812	평화민주당	1050
전라남도	4600	곡성군	26917	20583	19243	1340	6334	평화민주당	685
전라남도	4600	구례군	22984	18290	17012	1278	4694	평화민주당	453
전라남도	4600	고흥군	63702	47401	43631	3770	16301	평화민주당	1415
전라남도	4600	보성군	41044	29702	27714	1988	11342	평화민주당	842
전라남도	4600	화순군	54681	37820	35769	2051	16861	평화민주당	1124
전라남도	4600	장흥군	34748	25234	23959	1275	9514	평화민주당	592
전라남도	4600	강진군	33414	24016	22583	1433	9398	평화민주당	927
전라남도	4600	완도군	45162	33807	31467	2340	11355	평화민주당	1041
전라남도	4600	해남군	65721	43884	40793	3091	21837	평화민주당	3408
전라남도	4600	진도군	28171	21288	19260	2028	6883	평화민주당	647
전라남도	4600	영암군	47703	25948	24947	1001	21755	평화민주당	674
전라남도	4600	무안군	58068	37871	35906	1965	20197	평화민주당	954
전라남도	4600	영광군	46484	32080	30300	1780	14404	평화민주당	1051
전라남도	4600	함평군	31104	21767	20471	1296	9337	평화민주당	762
전라남도	4600	신안군	39693	30441	27545	2896	9252	평화민주당	1166
경상북도	4700	포항시북구	199281	107031	104740	2291	92250	한나라당	74412
경상북도	4700	포항시남구	197630	105564	103208	2356	92066	한나라당	69683
경상북도	4700	울릉군	9072	7405	7043	362	1667	한나라당	5039
경상북도	4700	경주시	211517	124951	120371	4580	86566	한나라당	75133
경상북도	4700	김천시	109593	67699	64869	2830	41894	한나라당	41356
경상북도	4700	안동시	134118	84295	80336	3959	49823	한나라당	47110
경상북도	4700	구미시	291865	138060	134651	3409	153805	한나라당	65565
경상북도	4700	영주시	90908	60332	57305	3027	30576	한나라당	32298
경상북도	4700	영천시	85134	52219	49767	2452	32915	한나라당	32008
경상북도	4700	상주시	87803	60538	57381	3157	27265	한나라당	33986
경상북도	4700	문경시	62346	42308	39866	2442	20038	한나라당	24538
경상북도	4700	예천군	40803	31459	29552	1907	9344	한나라당	18748
경상북도	4700	경산시	185240	95489	92092	3397	89751	한나라당	56200
경상북도	4700	청도군	38292	26351	25041	1310	11941	한나라당	16276
경상북도	4700	고령군	29169	20151	19208	943	9018	한나라당	12280
경상북도	4700	성주군	38683	26125	24701	1424	12558	한나라당	15051
경상북도	4700	칠곡군	89957	47943	45999	1944	42014	한나라당	25798
경상북도	4700	군위군	22359	17134	15730	1404	5225	한나라당	10129
경상북도	4700	의성군	51855	37004	34951	2053	14851	한나라당	22524
경상북도	4700	청송군	23204	17228	16554	674	5976	한나라당	10501
경상북도	4700	영양군	16066	12549	11654	895	3517	한나라당	7269
경상북도	4700	영덕군	35548	25910	24642	1268	9638	한나라당	18293
경상북도	4700	봉화군	29721	22771	21417	1354	6950	한나라당	13380
경상북도	4700	울진군	42741	31968	29975	1993	10773	한나라당	19465
경상북도	4700	포항시북구	199281	107031	104740	2291	92250	민주당	10365
경상북도	4700	포항시남구	197630	105564	103208	2356	92066	민주당	12767
경상북도	4700	울릉군	9072	7405	7043	362	1667	민주당	882
경상북도	4700	경주시	211517	124951	120371	4580	86566	민주당	11403
경상북도	4700	김천시	109593	67699	64869	2830	41894	민주당	7119
경상북도	4700	안동시	134118	84295	80336	3959	49823	민주당	8226
경상북도	4700	구미시	291865	138060	134651	3409	153805	민주당	17454
경상북도	4700	영주시	90908	60332	57305	3027	30576	민주당	7464
경상북도	4700	영천시	85134	52219	49767	2452	32915	민주당	6011
경상북도	4700	상주시	87803	60538	57381	3157	27265	민주당	4961
경상북도	4700	문경시	62346	42308	39866	2442	20038	민주당	3697
경상북도	4700	예천군	40803	31459	29552	1907	9344	민주당	2901
경상북도	4700	경산시	185240	95489	92092	3397	89751	민주당	10011
경상북도	4700	청도군	38292	26351	25041	1310	11941	민주당	2686
경상북도	4700	고령군	29169	20151	19208	943	9018	민주당	1962
경상북도	4700	성주군	38683	26125	24701	1424	12558	민주당	2732
경상북도	4700	칠곡군	89957	47943	45999	1944	42014	민주당	6291
경상북도	4700	군위군	22359	17134	15730	1404	5225	민주당	1573
경상북도	4700	의성군	51855	37004	34951	2053	14851	민주당	5033
경상북도	4700	청송군	23204	17228	16554	674	5976	민주당	2115
경상북도	4700	영양군	16066	12549	11654	895	3517	민주당	1577
경상북도	4700	영덕군	35548	25910	24642	1268	9638	민주당	2100
경상북도	4700	봉화군	29721	22771	21417	1354	6950	민주당	2773
경상북도	4700	울진군	42741	31968	29975	1993	10773	민주당	3860
경상북도	4700	포항시북구	199281	107031	104740	2291	92250	민주노동당	5035
경상북도	4700	포항시남구	197630	105564	103208	2356	92066	민주노동당	6493
경상북도	4700	울릉군	9072	7405	7043	362	1667	민주노동당	253
경상북도	4700	경주시	211517	124951	120371	4580	86566	민주노동당	10837
경상북도	4700	김천시	109593	67699	64869	2830	41894	민주노동당	3046
경상북도	4700	안동시	134118	84295	80336	3959	49823	민주노동당	4399
경상북도	4700	구미시	291865	138060	134651	3409	153805	민주노동당	8949
경상북도	4700	영주시	90908	60332	57305	3027	30576	민주노동당	3456
경상북도	4700	영천시	85134	52219	49767	2452	32915	민주노동당	1993
경상북도	4700	상주시	87803	60538	57381	3157	27265	민주노동당	2812
경상북도	4700	문경시	62346	42308	39866	2442	20038	민주노동당	1471
경상북도	4700	예천군	40803	31459	29552	1907	9344	민주노동당	1373
경상북도	4700	경산시	185240	95489	92092	3397	89751	민주노동당	6477
경상북도	4700	청도군	38292	26351	25041	1310	11941	민주노동당	1211
경상북도	4700	고령군	29169	20151	19208	943	9018	민주노동당	1431
경상북도	4700	성주군	38683	26125	24701	1424	12558	민주노동당	1643
경상북도	4700	칠곡군	89957	47943	45999	1944	42014	민주노동당	2509
경상북도	4700	군위군	22359	17134	15730	1404	5225	민주노동당	708
경상북도	4700	의성군	51855	37004	34951	2053	14851	민주노동당	2191
경상북도	4700	청송군	23204	17228	16554	674	5976	민주노동당	963
경상북도	4700	영양군	16066	12549	11654	895	3517	민주노동당	685
경상북도	4700	영덕군	35548	25910	24642	1268	9638	민주노동당	718
경상북도	4700	봉화군	29721	22771	21417	1354	6950	민주노동당	1154
경상북도	4700	울진군	42741	31968	29975	1993	10773	민주노동당	1171
경상북도	4700	포항시북구	199281	107031	104740	2291	92250	진보신당	3391
경상북도	4700	포항시남구	197630	105564	103208	2356	92066	진보신당	2251
경상북도	4700	울릉군	9072	7405	7043	362	1667	진보신당	160
경상북도	4700	경주시	211517	124951	120371	4580	86566	진보신당	2394
경상북도	4700	김천시	109593	67699	64869	2830	41894	진보신당	1583
경상북도	4700	안동시	134118	84295	80336	3959	49823	진보신당	2131
경상북도	4700	구미시	291865	138060	134651	3409	153805	진보신당	2863
경상북도	4700	영주시	90908	60332	57305	3027	30576	진보신당	1657
경상북도	4700	영천시	85134	52219	49767	2452	32915	진보신당	1100
경상북도	4700	상주시	87803	60538	57381	3157	27265	진보신당	1610
경상북도	4700	문경시	62346	42308	39866	2442	20038	진보신당	1338
경상북도	4700	예천군	40803	31459	29552	1907	9344	진보신당	949
경상북도	4700	경산시	185240	95489	92092	3397	89751	진보신당	4108
경상북도	4700	청도군	38292	26351	25041	1310	11941	진보신당	718
경상북도	4700	고령군	29169	20151	19208	943	9018	진보신당	487
경상북도	4700	성주군	38683	26125	24701	1424	12558	진보신당	615
경상북도	4700	칠곡군	89957	47943	45999	1944	42014	진보신당	1077
경상북도	4700	군위군	22359	17134	15730	1404	5225	진보신당	400
경상북도	4700	의성군	51855	37004	34951	2053	14851	진보신당	915
경상북도	4700	청송군	23204	17228	16554	674	5976	진보신당	472
경상북도	4700	영양군	16066	12549	11654	895	3517	진보신당	369
경상북도	4700	영덕군	35548	25910	24642	1268	9638	진보신당	558
경상북도	4700	봉화군	29721	22771	21417	1354	6950	진보신당	698
경상북도	4700	울진군	42741	31968	29975	1993	10773	진보신당	926
경상북도	4700	포항시북구	199281	107031	104740	2291	92250	국민참여당	7151
경상북도	4700	포항시남구	197630	105564	103208	2356	92066	국민참여당	7120
경상북도	4700	울릉군	9072	7405	7043	362	1667	국민참여당	265
경상북도	4700	경주시	211517	124951	120371	4580	86566	국민참여당	5613
경상북도	4700	김천시	109593	67699	64869	2830	41894	국민참여당	3119
경상북도	4700	안동시	134118	84295	80336	3959	49823	국민참여당	6364
경상북도	4700	구미시	291865	138060	134651	3409	153805	국민참여당	9204
경상북도	4700	영주시	90908	60332	57305	3027	30576	국민참여당	2878
경상북도	4700	영천시	85134	52219	49767	2452	32915	국민참여당	4354
경상북도	4700	상주시	87803	60538	57381	3157	27265	국민참여당	2940
경상북도	4700	문경시	62346	42308	39866	2442	20038	국민참여당	2042
경상북도	4700	예천군	40803	31459	29552	1907	9344	국민참여당	1460
경상북도	4700	경산시	185240	95489	92092	3397	89751	국민참여당	5771
경상북도	4700	청도군	38292	26351	25041	1310	11941	국민참여당	1036
경상북도	4700	고령군	29169	20151	19208	943	9018	국민참여당	906
경상북도	4700	성주군	38683	26125	24701	1424	12558	국민참여당	1120
경상북도	4700	칠곡군	89957	47943	45999	1944	42014	국민참여당	3287
경상북도	4700	군위군	22359	17134	15730	1404	5225	국민참여당	575
경상북도	4700	의성군	51855	37004	34951	2053	14851	국민참여당	1299
경상북도	4700	청송군	23204	17228	16554	674	5976	국민참여당	779
경상북도	4700	영양군	16066	12549	11654	895	3517	국민참여당	577
경상북도	4700	영덕군	35548	25910	24642	1268	9638	국민참여당	747
경상북도	4700	봉화군	29721	22771	21417	1354	6950	국민참여당	866
경상북도	4700	울진군	42741	31968	29975	1993	10773	국민참여당	1414
경상북도	4700	포항시북구	199281	107031	104740	2291	92250	미래연합	649
경상북도	4700	포항시남구	197630	105564	103208	2356	92066	미래연합	626
경상북도	4700	울릉군	9072	7405	7043	362	1667	미래연합	38
경상북도	4700	경주시	211517	124951	120371	4580	86566	미래연합	5478
경상북도	4700	김천시	109593	67699	64869	2830	41894	미래연합	1001
경상북도	4700	안동시	134118	84295	80336	3959	49823	미래연합	966
경상북도	4700	구미시	291865	138060	134651	3409	153805	미래연합	1336
경상북도	4700	영주시	90908	60332	57305	3027	30576	미래연합	839
경상북도	4700	영천시	85134	52219	49767	2452	32915	미래연합	499
경상북도	4700	상주시	87803	60538	57381	3157	27265	미래연합	4943
경상북도	4700	문경시	62346	42308	39866	2442	20038	미래연합	1248
경상북도	4700	예천군	40803	31459	29552	1907	9344	미래연합	989
경상북도	4700	경산시	185240	95489	92092	3397	89751	미래연합	1148
경상북도	4700	청도군	38292	26351	25041	1310	11941	미래연합	601
경상북도	4700	고령군	29169	20151	19208	943	9018	미래연합	313
경상북도	4700	성주군	38683	26125	24701	1424	12558	미래연합	345
경상북도	4700	칠곡군	89957	47943	45999	1944	42014	미래연합	1020
경상북도	4700	군위군	22359	17134	15730	1404	5225	미래연합	397
경상북도	4700	의성군	51855	37004	34951	2053	14851	미래연합	317
경상북도	4700	청송군	23204	17228	16554	674	5976	미래연합	286
경상북도	4700	영양군	16066	12549	11654	895	3517	미래연합	213
경상북도	4700	영덕군	35548	25910	24642	1268	9638	미래연합	490
경상북도	4700	봉화군	29721	22771	21417	1354	6950	미래연합	293
경상북도	4700	울진군	42741	31968	29975	1993	10773	미래연합	351
경상북도	4700	포항시북구	199281	107031	104740	2291	92250	사회당	263
경상북도	4700	포항시남구	197630	105564	103208	2356	92066	사회당	238
경상북도	4700	울릉군	9072	7405	7043	362	1667	사회당	24
경상북도	4700	경주시	211517	124951	120371	4580	86566	사회당	504
경상북도	4700	김천시	109593	67699	64869	2830	41894	사회당	328
경상북도	4700	안동시	134118	84295	80336	3959	49823	사회당	430
경상북도	4700	구미시	291865	138060	134651	3409	153805	사회당	332
경상북도	4700	영주시	90908	60332	57305	3027	30576	사회당	312
경상북도	4700	영천시	85134	52219	49767	2452	32915	사회당	255
경상북도	4700	상주시	87803	60538	57381	3157	27265	사회당	480
경상북도	4700	문경시	62346	42308	39866	2442	20038	사회당	332
경상북도	4700	예천군	40803	31459	29552	1907	9344	사회당	340
경상북도	4700	경산시	185240	95489	92092	3397	89751	사회당	240
경상북도	4700	청도군	38292	26351	25041	1310	11941	사회당	189
경상북도	4700	고령군	29169	20151	19208	943	9018	사회당	143
경상북도	4700	성주군	38683	26125	24701	1424	12558	사회당	223
경상북도	4700	칠곡군	89957	47943	45999	1944	42014	사회당	235
경상북도	4700	군위군	22359	17134	15730	1404	5225	사회당	146
경상북도	4700	의성군	51855	37004	34951	2053	14851	사회당	263
경상북도	4700	청송군	23204	17228	16554	674	5976	사회당	171
경상북도	4700	영양군	16066	12549	11654	895	3517	사회당	121
경상북도	4700	영덕군	35548	25910	24642	1268	9638	사회당	185
경상북도	4700	봉화군	29721	22771	21417	1354	6950	사회당	256
경상북도	4700	울진군	42741	31968	29975	1993	10773	사회당	202
경상북도	4700	포항시북구	199281	107031	104740	2291	92250	친박연합	3474
경상북도	4700	포항시남구	197630	105564	103208	2356	92066	친박연합	4030
경상북도	4700	울릉군	9072	7405	7043	362	1667	친박연합	382
경상북도	4700	경주시	211517	124951	120371	4580	86566	친박연합	9009
경상북도	4700	김천시	109593	67699	64869	2830	41894	친박연합	7317
경상북도	4700	안동시	134118	84295	80336	3959	49823	친박연합	10710
경상북도	4700	구미시	291865	138060	134651	3409	153805	친박연합	28948
경상북도	4700	영주시	90908	60332	57305	3027	30576	친박연합	8401
경상북도	4700	영천시	85134	52219	49767	2452	32915	친박연합	3547
경상북도	4700	상주시	87803	60538	57381	3157	27265	친박연합	5649
경상북도	4700	문경시	62346	42308	39866	2442	20038	친박연합	5200
경상북도	4700	예천군	40803	31459	29552	1907	9344	친박연합	2792
경상북도	4700	경산시	185240	95489	92092	3397	89751	친박연합	8137
경상북도	4700	청도군	38292	26351	25041	1310	11941	친박연합	2324
경상북도	4700	고령군	29169	20151	19208	943	9018	친박연합	1686
경상북도	4700	성주군	38683	26125	24701	1424	12558	친박연합	2972
경상북도	4700	칠곡군	89957	47943	45999	1944	42014	친박연합	5782
경상북도	4700	군위군	22359	17134	15730	1404	5225	친박연합	1802
경상북도	4700	의성군	51855	37004	34951	2053	14851	친박연합	2409
경상북도	4700	청송군	23204	17228	16554	674	5976	친박연합	1267
경상북도	4700	영양군	16066	12549	11654	895	3517	친박연합	843
경상북도	4700	영덕군	35548	25910	24642	1268	9638	친박연합	1551
경상북도	4700	봉화군	29721	22771	21417	1354	6950	친박연합	1997
경상북도	4700	울진군	42741	31968	29975	1993	10773	친박연합	2586
경상남도	4800	창원시	371540	224875	220677	4198	146665	한나라당	92684
경상남도	4800	마산시	322188	191149	186713	4436	131039	한나라당	99076
경상남도	4800	진주시	254687	164340	159996	4344	90347	한나라당	76936
경상남도	4800	진해시	130168	77352	75308	2044	52816	한나라당	38446
경상남도	4800	통영시	108127	67414	65053	2361	40713	한나라당	38563
경상남도	4800	고성군	47716	32470	30962	1508	15246	한나라당	16749
경상남도	4800	사천시	89018	61023	58716	2307	27995	한나라당	31595
경상남도	4800	김해시	359474	195113	190971	4142	164361	한나라당	71738
경상남도	4800	밀양시	90189	58180	55646	2534	32009	한나라당	28896
경상남도	4800	거제시	166795	93859	91250	2609	72936	한나라당	40374
경상남도	4800	의령군	26084	20447	19122	1325	5637	한나라당	9568
경상남도	4800	함안군	53737	38130	36381	1749	15607	한나라당	18451
경상남도	4800	창녕군	51556	35568	33780	1788	15988	한나라당	19257
경상남도	4800	양산시	190214	102676	100231	2445	87538	한나라당	47495
경상남도	4800	하동군	43182	33205	31401	1804	9977	한나라당	15735
경상남도	4800	남해군	42320	33040	30796	2244	9280	한나라당	17104
경상남도	4800	함양군	33908	26709	25220	1489	7199	한나라당	13457
경상남도	4800	산청군	30305	22967	21855	1112	7338	한나라당	12073
경상남도	4800	거창군	50832	37040	34936	2104	13792	한나라당	18512
경상남도	4800	합천군	44353	34161	32083	2078	10192	한나라당	16171
경상남도	4800	창원시	371540	224875	220677	4198	146665	민주당	35393
경상남도	4800	마산시	322188	191149	186713	4436	131039	민주당	29250
경상남도	4800	진주시	254687	164340	159996	4344	90347	민주당	19607
경상남도	4800	진해시	130168	77352	75308	2044	52816	민주당	14730
경상남도	4800	통영시	108127	67414	65053	2361	40713	민주당	7224
경상남도	4800	고성군	47716	32470	30962	1508	15246	민주당	4444
경상남도	4800	사천시	89018	61023	58716	2307	27995	민주당	7914
경상남도	4800	김해시	359474	195113	190971	4142	164361	민주당	60068
경상남도	4800	밀양시	90189	58180	55646	2534	32009	민주당	11836
경상남도	4800	거제시	166795	93859	91250	2609	72936	민주당	11332
경상남도	4800	의령군	26084	20447	19122	1325	5637	민주당	2713
경상남도	4800	함안군	53737	38130	36381	1749	15607	민주당	5370
경상남도	4800	창녕군	51556	35568	33780	1788	15988	민주당	5012
경상남도	4800	양산시	190214	102676	100231	2445	87538	민주당	28561
경상남도	4800	하동군	43182	33205	31401	1804	9977	민주당	5365
경상남도	4800	남해군	42320	33040	30796	2244	9280	민주당	4603
경상남도	4800	함양군	33908	26709	25220	1489	7199	민주당	3904
경상남도	4800	산청군	30305	22967	21855	1112	7338	민주당	3279
경상남도	4800	거창군	50832	37040	34936	2104	13792	민주당	4559
경상남도	4800	합천군	44353	34161	32083	2078	10192	민주당	3466
경상남도	4800	창원시	371540	224875	220677	4198	146665	자유선진당	4394
경상남도	4800	마산시	322188	191149	186713	4436	131039	자유선진당	5371
경상남도	4800	진주시	254687	164340	159996	4344	90347	자유선진당	3896
경상남도	4800	진해시	130168	77352	75308	2044	52816	자유선진당	2274
경상남도	4800	통영시	108127	67414	65053	2361	40713	자유선진당	1471
경상남도	4800	고성군	47716	32470	30962	1508	15246	자유선진당	844
경상남도	4800	사천시	89018	61023	58716	2307	27995	자유선진당	1275
경상남도	4800	김해시	359474	195113	190971	4142	164361	자유선진당	3200
경상남도	4800	밀양시	90189	58180	55646	2534	32009	자유선진당	1516
경상남도	4800	거제시	166795	93859	91250	2609	72936	자유선진당	1489
경상남도	4800	의령군	26084	20447	19122	1325	5637	자유선진당	616
경상남도	4800	함안군	53737	38130	36381	1749	15607	자유선진당	990
경상남도	4800	창녕군	51556	35568	33780	1788	15988	자유선진당	999
경상남도	4800	양산시	190214	102676	100231	2445	87538	자유선진당	1801
경상남도	4800	하동군	43182	33205	31401	1804	9977	자유선진당	883
경상남도	4800	남해군	42320	33040	30796	2244	9280	자유선진당	731
경상남도	4800	함양군	33908	26709	25220	1489	7199	자유선진당	743
경상남도	4800	산청군	30305	22967	21855	1112	7338	자유선진당	618
경상남도	4800	거창군	50832	37040	34936	2104	13792	자유선진당	1010
경상남도	4800	합천군	44353	34161	32083	2078	10192	자유선진당	901
경상남도	4800	창원시	371540	224875	220677	4198	146665	민주노동당	52540
경상남도	4800	마산시	322188	191149	186713	4436	131039	민주노동당	26247
경상남도	4800	진주시	254687	164340	159996	4344	90347	민주노동당	31776
경상남도	4800	진해시	130168	77352	75308	2044	52816	민주노동당	10130
경상남도	4800	통영시	108127	67414	65053	2361	40713	민주노동당	7243
경상남도	4800	고성군	47716	32470	30962	1508	15246	민주노동당	3568
경상남도	4800	사천시	89018	61023	58716	2307	27995	민주노동당	10642
경상남도	4800	김해시	359474	195113	190971	4142	164361	민주노동당	17599
경상남도	4800	밀양시	90189	58180	55646	2534	32009	민주노동당	4129
경상남도	4800	거제시	166795	93859	91250	2609	72936	민주노동당	13980
경상남도	4800	의령군	26084	20447	19122	1325	5637	민주노동당	2635
경상남도	4800	함안군	53737	38130	36381	1749	15607	민주노동당	5506
경상남도	4800	창녕군	51556	35568	33780	1788	15988	민주노동당	3386
경상남도	4800	양산시	190214	102676	100231	2445	87538	민주노동당	8308
경상남도	4800	하동군	43182	33205	31401	1804	9977	민주노동당	4278
경상남도	4800	남해군	42320	33040	30796	2244	9280	민주노동당	3009
경상남도	4800	함양군	33908	26709	25220	1489	7199	민주노동당	2508
경상남도	4800	산청군	30305	22967	21855	1112	7338	민주노동당	2375
경상남도	4800	거창군	50832	37040	34936	2104	13792	민주노동당	5350
경상남도	4800	합천군	44353	34161	32083	2078	10192	민주노동당	3790
경상남도	4800	창원시	371540	224875	220677	4198	146665	진보신당	9080
경상남도	4800	마산시	322188	191149	186713	4436	131039	진보신당	5322
경상남도	4800	진주시	254687	164340	159996	4344	90347	진보신당	3938
경상남도	4800	진해시	130168	77352	75308	2044	52816	진보신당	1648
경상남도	4800	통영시	108127	67414	65053	2361	40713	진보신당	1528
경상남도	4800	고성군	47716	32470	30962	1508	15246	진보신당	892
경상남도	4800	사천시	89018	61023	58716	2307	27995	진보신당	1474
경상남도	4800	김해시	359474	195113	190971	4142	164361	진보신당	7439
경상남도	4800	밀양시	90189	58180	55646	2534	32009	진보신당	1796
경상남도	4800	거제시	166795	93859	91250	2609	72936	진보신당	13095
경상남도	4800	의령군	26084	20447	19122	1325	5637	진보신당	935
경상남도	4800	함안군	53737	38130	36381	1749	15607	진보신당	1425
경상남도	4800	창녕군	51556	35568	33780	1788	15988	진보신당	980
경상남도	4800	양산시	190214	102676	100231	2445	87538	진보신당	2027
경상남도	4800	하동군	43182	33205	31401	1804	9977	진보신당	955
경상남도	4800	남해군	42320	33040	30796	2244	9280	진보신당	1567
경상남도	4800	함양군	33908	26709	25220	1489	7199	진보신당	857
경상남도	4800	산청군	30305	22967	21855	1112	7338	진보신당	666
경상남도	4800	거창군	50832	37040	34936	2104	13792	진보신당	980
경상남도	4800	합천군	44353	34161	32083	2078	10192	진보신당	928
경상남도	4800	창원시	371540	224875	220677	4198	146665	국민참여당	15239
경상남도	4800	마산시	322188	191149	186713	4436	131039	국민참여당	11326
경상남도	4800	진주시	254687	164340	159996	4344	90347	국민참여당	9941
경상남도	4800	진해시	130168	77352	75308	2044	52816	국민참여당	4484
경상남도	4800	통영시	108127	67414	65053	2361	40713	국민참여당	5028
경상남도	4800	고성군	47716	32470	30962	1508	15246	국민참여당	1496
경상남도	4800	사천시	89018	61023	58716	2307	27995	국민참여당	2432
경상남도	4800	김해시	359474	195113	190971	4142	164361	국민참여당	21495
경상남도	4800	밀양시	90189	58180	55646	2534	32009	국민참여당	3352
경상남도	4800	거제시	166795	93859	91250	2609	72936	국민참여당	7073
경상남도	4800	의령군	26084	20447	19122	1325	5637	국민참여당	927
경상남도	4800	함안군	53737	38130	36381	1749	15607	국민참여당	2227
경상남도	4800	창녕군	51556	35568	33780	1788	15988	국민참여당	1543
경상남도	4800	양산시	190214	102676	100231	2445	87538	국민참여당	7507
경상남도	4800	하동군	43182	33205	31401	1804	9977	국민참여당	1946
경상남도	4800	남해군	42320	33040	30796	2244	9280	국민참여당	1660
경상남도	4800	함양군	33908	26709	25220	1489	7199	국민참여당	1395
경상남도	4800	산청군	30305	22967	21855	1112	7338	국민참여당	940
경상남도	4800	거창군	50832	37040	34936	2104	13792	국민참여당	1770
경상남도	4800	합천군	44353	34161	32083	2078	10192	국민참여당	2076
경상남도	4800	창원시	371540	224875	220677	4198	146665	사회당	453
경상남도	4800	마산시	322188	191149	186713	4436	131039	사회당	636
경상남도	4800	진주시	254687	164340	159996	4344	90347	사회당	763
경상남도	4800	진해시	130168	77352	75308	2044	52816	사회당	248
경상남도	4800	통영시	108127	67414	65053	2361	40713	사회당	663
경상남도	4800	고성군	47716	32470	30962	1508	15246	사회당	411
경상남도	4800	사천시	89018	61023	58716	2307	27995	사회당	330
경상남도	4800	김해시	359474	195113	190971	4142	164361	사회당	418
경상남도	4800	밀양시	90189	58180	55646	2534	32009	사회당	353
경상남도	4800	거제시	166795	93859	91250	2609	72936	사회당	368
경상남도	4800	의령군	26084	20447	19122	1325	5637	사회당	350
경상남도	4800	함안군	53737	38130	36381	1749	15607	사회당	206
경상남도	4800	창녕군	51556	35568	33780	1788	15988	사회당	269
경상남도	4800	양산시	190214	102676	100231	2445	87538	사회당	365
경상남도	4800	하동군	43182	33205	31401	1804	9977	사회당	352
경상남도	4800	남해군	42320	33040	30796	2244	9280	사회당	305
경상남도	4800	함양군	33908	26709	25220	1489	7199	사회당	458
경상남도	4800	산청군	30305	22967	21855	1112	7338	사회당	197
경상남도	4800	거창군	50832	37040	34936	2104	13792	사회당	357
경상남도	4800	합천군	44353	34161	32083	2078	10192	사회당	407
경상남도	4800	창원시	371540	224875	220677	4198	146665	친박연합	10894
경상남도	4800	마산시	322188	191149	186713	4436	131039	친박연합	9485
경상남도	4800	진주시	254687	164340	159996	4344	90347	친박연합	13139
경상남도	4800	진해시	130168	77352	75308	2044	52816	친박연합	3348
경상남도	4800	통영시	108127	67414	65053	2361	40713	친박연합	3333
경상남도	4800	고성군	47716	32470	30962	1508	15246	친박연합	2558
경상남도	4800	사천시	89018	61023	58716	2307	27995	친박연합	3054
경상남도	4800	김해시	359474	195113	190971	4142	164361	친박연합	9014
경상남도	4800	밀양시	90189	58180	55646	2534	32009	친박연합	3768
경상남도	4800	거제시	166795	93859	91250	2609	72936	친박연합	3539
경상남도	4800	의령군	26084	20447	19122	1325	5637	친박연합	1378
경상남도	4800	함안군	53737	38130	36381	1749	15607	친박연합	2206
경상남도	4800	창녕군	51556	35568	33780	1788	15988	친박연합	2334
경상남도	4800	양산시	190214	102676	100231	2445	87538	친박연합	4167
경상남도	4800	하동군	43182	33205	31401	1804	9977	친박연합	1887
경상남도	4800	남해군	42320	33040	30796	2244	9280	친박연합	1817
경상남도	4800	함양군	33908	26709	25220	1489	7199	친박연합	1898
경상남도	4800	산청군	30305	22967	21855	1112	7338	친박연합	1707
경상남도	4800	거창군	50832	37040	34936	2104	13792	친박연합	2398
경상남도	4800	합천군	44353	34161	32083	2078	10192	친박연합	4344
제주특별자치도	4900	제주시	305765	195484	190411	5073	110281	한나라당	69230
제주특별자치도	4900	서귀포시	118333	80602	77690	2912	37731	한나라당	27648
제주특별자치도	4900	제주시	305765	195484	190411	5073	110281	민주당	67494
제주특별자치도	4900	서귀포시	118333	80602	77690	2912	37731	민주당	28486
제주특별자치도	4900	제주시	305765	195484	190411	5073	110281	민주노동당	19357
제주특별자치도	4900	서귀포시	118333	80602	77690	2912	37731	민주노동당	10552
제주특별자치도	4900	제주시	305765	195484	190411	5073	110281	진보신당	7602
제주특별자치도	4900	서귀포시	118333	80602	77690	2912	37731	진보신당	2016
제주특별자치도	4900	제주시	305765	195484	190411	5073	110281	국민참여당	20121
제주특별자치도	4900	서귀포시	118333	80602	77690	2912	37731	국민참여당	6437
제주특별자치도	4900	제주시	305765	195484	190411	5073	110281	사회당	2347
제주특별자치도	4900	서귀포시	118333	80602	77690	2912	37731	사회당	1292
제주특별자치도	4900	제주시	305765	195484	190411	5073	110281	평화민주당	4260
제주특별자치도	4900	서귀포시	118333	80602	77690	2912	37731	평화민주당	1259
